xflr5 v6.49

 Calculated polar for: Aerofoil84

 1 1 Reynolds number fixed          Mach number fixed         

 xtrf =   1.000 (top)        1.000 (bottom)
 Mach =   0.000     Re =     0.500 e 6     Ncrit =   5.000

  alpha     CL        CD       CDp       Cm    Top Xtr Bot Xtr   Cpmin    Chinge    XCp    
 ------- -------- --------- --------- -------- ------- ------- -------- --------- ---------
 -20.000  -0.3266   0.16356   0.16113  -0.0109  0.9965  0.0093  -2.2349   0.0000   0.1632
 -19.000  -0.3059   0.14642   0.14398  -0.0229  0.9925  0.0106  -2.7968   0.0000   0.1233
 -17.000  -0.5737   0.05674   0.05354  -0.0460  0.9762  0.0133  -7.7921   0.0000   0.1457
 -16.000  -0.6150   0.03973   0.03600  -0.0517  0.9584  0.0138  -7.9442   0.0000   0.1462
 -15.000  -0.5951   0.02984   0.02556  -0.0606  0.9465  0.0148  -7.4649   0.0000   0.1304
 -14.000  -0.5660   0.02345   0.01869  -0.0647  0.9287  0.0159  -6.8669   0.0000   0.1193
 -13.000  -0.4887   0.01911   0.01396  -0.0762  0.9146  0.0181  -5.9467   0.0000   0.0775
 -12.000  -0.4378   0.01670   0.01116  -0.0770  0.8912  0.0204  -5.2498   0.0000   0.0578
 -11.000  -0.4045   0.01488   0.00904  -0.0715  0.8681  0.0230  -4.6847   0.0000   0.0575
 -10.000  -0.3599   0.01364   0.00760  -0.0678  0.8490  0.0274  -4.0663   0.0000   0.0463
  -9.000  -0.3092   0.01246   0.00621  -0.0650  0.8320  0.0330  -3.4596   0.0000   0.0241
  -8.000  -0.2591   0.01165   0.00528  -0.0615  0.8147  0.0417  -2.8807   0.0000  -0.0039
  -7.000  -0.1913   0.01091   0.00443  -0.0626  0.8010  0.0573  -2.3202   0.0000  -0.0968
  -6.000  -0.1203   0.01017   0.00371  -0.0646  0.7856  0.0897  -1.8177   0.0000  -0.3130
  -5.000  -0.0462   0.00947   0.00316  -0.0674  0.7719  0.1549  -1.3644   0.0000  -1.2652
  -4.000   0.0263   0.00866   0.00270  -0.0698  0.7572  0.2814  -0.9901   0.0000   2.9887
  -3.000   0.0946   0.00786   0.00242  -0.0710  0.7429  0.4629  -0.6992   0.0000   1.0174
  -2.000   0.1637   0.00725   0.00226  -0.0720  0.7274  0.6358  -0.6558   0.0000   0.6964
  -1.000   0.2397   0.00701   0.00235  -0.0747  0.7131  0.7588  -0.7010   0.0000   0.5638
   0.000   0.3317   0.00703   0.00250  -0.0818  0.6974  0.8399  -0.7582   0.0000   0.4962
   1.000   0.4243   0.00725   0.00283  -0.0893  0.6815  0.8916  -0.8186   0.0000   0.4583
   2.000   0.5487   0.00769   0.00327  -0.1060  0.6647  0.9160  -0.9025   0.0000   0.4397
   3.000   0.6485   0.00812   0.00376  -0.1158  0.6446  0.9362  -0.9787   0.0000   0.4240
   4.000   0.7404   0.00864   0.00437  -0.1235  0.6212  0.9543  -1.2483   0.0000   0.4111
   5.000   0.7893   0.00967   0.00513  -0.1201  0.5323  0.9803  -1.5780   0.0000   0.3952
   6.000   0.8361   0.01195   0.00698  -0.1182  0.4060  0.9985  -1.9616   0.0000   0.3832
   7.000   0.8122   0.01562   0.01001  -0.0996  0.2498  1.0000  -2.1738   0.0000   0.3630
   8.000   0.8090   0.01959   0.01343  -0.0875  0.1243  1.0000  -2.4775   0.0000   0.3471
   9.000   0.8344   0.02304   0.01665  -0.0827  0.0667  1.0000  -2.8917   0.0000   0.3367
  10.000   0.8694   0.02639   0.02000  -0.0805  0.0444  1.0000  -3.3594   0.0000   0.3288
  11.000   0.9059   0.03000   0.02368  -0.0793  0.0323  1.0000  -3.9103   0.0000   0.3224
  12.000   0.9393   0.03413   0.02795  -0.0783  0.0258  1.0000  -4.4863   0.0000   0.3167
  13.000   0.9666   0.03909   0.03306  -0.0771  0.0211  1.0000  -5.0485   0.0000   0.3115
  14.000   0.9948   0.04429   0.03850  -0.0767  0.0182  1.0000  -5.6369   0.0000   0.3073
  15.000   1.0131   0.05081   0.04520  -0.0760  0.0155  1.0000  -6.1809   0.0000   0.3034
  16.000   1.0275   0.05814   0.05284  -0.0756  0.0141  1.0000  -6.6946   0.0000   0.3002
  17.000   1.0370   0.06651   0.06152  -0.0758  0.0129  1.0000  -7.1780   0.0000   0.2978
  18.000   1.0393   0.07626   0.07157  -0.0764  0.0118  1.0000  -7.6629   0.0000   0.2962
  19.000   1.0304   0.08814   0.08379  -0.0777  0.0110  1.0000  -8.0556   0.0000   0.2959
  20.000   1.0060   0.10295   0.09896  -0.0797  0.0102  1.0000  -8.2393   0.0000   0.2973


