xflr5 v6.49

 Calculated polar for: Aerofoil72

 1 1 Reynolds number fixed          Mach number fixed         

 xtrf =   1.000 (top)        1.000 (bottom)
 Mach =   0.000     Re =     0.500 e 6     Ncrit =   5.000

  alpha     CL        CD       CDp       Cm    Top Xtr Bot Xtr   Cpmin    Chinge    XCp    
 ------- -------- --------- --------- -------- ------- ------- -------- --------- ---------
 -20.000  -0.2876   0.16800   0.16582   0.0020  1.0000  0.0094  -1.0620   0.0000   0.2309
 -18.000  -0.3773   0.16781   0.16544   0.0114  1.0000  0.0065  -1.9197   0.0000   0.2521
 -17.000  -0.3641   0.15738   0.15505   0.0079  1.0000  0.0066  -2.1112   0.0000   0.2454
 -16.000  -0.3357   0.14634   0.14402  -0.0004  0.9986  0.0076  -2.0168   0.0000   0.2232
 -15.000  -0.3024   0.13217   0.12982  -0.0121  0.9951  0.0092  -2.0907   0.0000   0.1843
 -14.000  -0.2723   0.11771   0.11535  -0.0233  0.9898  0.0090  -2.1701   0.0000   0.1386
 -13.000  -0.2479   0.10170   0.09934  -0.0349  0.9821  0.0086  -2.4688   0.0000   0.0837
 -12.000  -0.3896   0.05250   0.05015  -0.0477  0.9659  0.0091  -6.7043   0.0000   0.1121
 -11.000  -0.4448   0.02443   0.02106  -0.0707  0.9407  0.0090  -7.8143   0.0000   0.0800
 -10.000  -0.3895   0.01856   0.01427  -0.0763  0.9192  0.0100  -7.0051   0.0000   0.0433
  -9.000  -0.3198   0.01473   0.00986  -0.0811  0.9001  0.0117  -6.0047   0.0000  -0.0148
  -8.000  -0.2301   0.01277   0.00748  -0.0890  0.8851  0.0149  -4.8201   0.0000  -0.1498
  -7.000  -0.1396   0.01088   0.00526  -0.0968  0.8681  0.0197  -3.7368   0.0000  -0.4617
  -6.000  -0.0445   0.00968   0.00386  -0.1054  0.8531  0.0299  -2.7932   0.0000  -2.1638
  -5.000   0.0531   0.00878   0.00284  -0.1144  0.8371  0.0557  -1.9817   0.0000   2.4398
  -4.000   0.1499   0.00797   0.00219  -0.1234  0.8210  0.1338  -1.2909   0.0000   1.0831
  -3.000   0.2484   0.00730   0.00178  -0.1328  0.8045  0.2753  -0.7681   0.0000   0.7891
  -2.000   0.3459   0.00691   0.00166  -0.1417  0.7868  0.4056  -0.6097   0.0000   0.6619
  -1.000   0.4435   0.00674   0.00168  -0.1506  0.7695  0.5080  -0.6640   0.0000   0.5901
   0.000   0.5409   0.00670   0.00178  -0.1592  0.7503  0.5952  -0.7218   0.0000   0.5439
   1.000   0.6359   0.00669   0.00202  -0.1672  0.7297  0.6813  -0.7823   0.0000   0.5115
   2.000   0.7279   0.00671   0.00239  -0.1743  0.7074  0.7817  -0.9176   0.0000   0.4871
   3.000   0.8113   0.00675   0.00263  -0.1786  0.6476  1.0000  -1.4003   0.0000   0.4669
   4.000   0.8519   0.00854   0.00347  -0.1721  0.4290  1.0000  -1.8799   0.0000   0.4478
   5.000   0.8482   0.01191   0.00553  -0.1554  0.1292  1.0000  -2.2428   0.0000   0.4282
   6.000   0.8893   0.01406   0.00732  -0.1508  0.0425  1.0000  -2.8863   0.0000   0.4136
   7.000   0.9396   0.01596   0.00926  -0.1488  0.0241  1.0000  -3.6271   0.0000   0.4014
   8.000   0.9867   0.01823   0.01163  -0.1466  0.0163  1.0000  -4.3911   0.0000   0.3906
   9.000   1.0292   0.02105   0.01467  -0.1440  0.0128  1.0000  -5.2043   0.0000   0.3809
  10.000   1.0625   0.02490   0.01872  -0.1405  0.0102  1.0000  -6.0875   0.0000   0.3720
  11.000   1.0991   0.02901   0.02318  -0.1384  0.0089  1.0000  -7.0271   0.0000   0.3645
  12.000   1.1351   0.03347   0.02793  -0.1372  0.0074  1.0000  -8.0630   0.0000   0.3582
  13.000   1.1566   0.03999   0.03484  -0.1349  0.0064  1.0000  -8.9474   0.0000   0.3526
  14.000   1.1673   0.04861   0.04403  -0.1328  0.0060  1.0000  -9.6722   0.0000   0.3482
  15.000   1.1619   0.05991   0.05597  -0.1312  0.0057  1.0000  -10.2212   0.0000   0.3458
  16.000   1.1304   0.07684   0.07361  -0.1314  0.0055  1.0000  -10.3619   0.0000   0.3473
  17.000   1.0690   0.10299   0.10048  -0.1374  0.0054  1.0000  -9.8798   0.0000   0.3574
  18.000   0.8707   0.18206   0.18001  -0.1604  0.0052  1.0000  -3.7830   0.0000   0.4121
  19.000   0.8754   0.19934   0.19725  -0.1687  0.0050  1.0000  -3.0161   0.0000   0.4187
  20.000   0.8888   0.21267   0.21056  -0.1764  0.0053  1.0000  -2.7233   0.0000   0.4224


