xflr5 v6.49

 Calculated polar for: Aerofoil9

 1 1 Reynolds number fixed          Mach number fixed         

 xtrf =   1.000 (top)        1.000 (bottom)
 Mach =   0.000     Re =     0.500 e 6     Ncrit =   5.000

  alpha     CL        CD       CDp       Cm    Top Xtr Bot Xtr   Cpmin    Chinge    XCp    
 ------- -------- --------- --------- -------- ------- ------- -------- --------- ---------
 -20.000  -0.4650   0.18260   0.18020   0.0302  1.0000  0.0057  -2.0995   0.0000   0.2849
 -19.000  -0.4517   0.17070   0.16832   0.0253  1.0000  0.0058  -2.4427   0.0000   0.2782
 -18.000  -0.4405   0.15977   0.15743   0.0213  1.0000  0.0067  -2.5718   0.0000   0.2727
 -17.000  -0.4262   0.14939   0.14707   0.0170  0.9998  0.0074  -2.5045   0.0000   0.2661
 -16.000  -0.4017   0.13466   0.13233   0.0066  0.9976  0.0088  -2.5799   0.0000   0.2440
 -14.000  -0.6377   0.04393   0.04101  -0.0211  0.9868  0.0078  -8.4200   0.0000   0.2058
 -13.000  -0.6529   0.02934   0.02565  -0.0309  0.9753  0.0082  -8.3084   0.0000   0.1938
 -12.000  -0.6581   0.02351   0.01920  -0.0240  0.9570  0.0090  -7.9013   0.0000   0.2060
 -11.000  -0.5933   0.01924   0.01431  -0.0287  0.9483  0.0101  -6.9362   0.0000   0.1946
 -10.000  -0.5341   0.01597   0.01065  -0.0299  0.9358  0.0120  -5.9961   0.0000   0.1875
  -9.000  -0.4469   0.01402   0.00838  -0.0371  0.9264  0.0152  -4.8613   0.0000   0.1605
  -8.000  -0.3457   0.01197   0.00608  -0.0479  0.9202  0.0211  -3.7523   0.0000   0.1042
  -7.000  -0.2624   0.01069   0.00470  -0.0533  0.9075  0.0338  -2.8269   0.0000   0.0387
  -6.000  -0.1668   0.00955   0.00356  -0.0620  0.8965  0.0710  -2.0469   0.0000  -0.1325
  -5.000  -0.0688   0.00833   0.00270  -0.0716  0.8861  0.1976  -1.3578   0.0000  -0.8118
  -4.000   0.0179   0.00737   0.00223  -0.0779  0.8708  0.3715  -0.8692   0.0000   4.6722
  -3.000   0.1187   0.00681   0.00195  -0.0877  0.8583  0.5030  -0.5001   0.0000   0.9972
  -2.000   0.2114   0.00656   0.00187  -0.0951  0.8417  0.5876  -0.4755   0.0000   0.7030
  -1.000   0.3079   0.00641   0.00189  -0.1035  0.8256  0.6553  -0.5211   0.0000   0.5872
   0.000   0.4073   0.00632   0.00195  -0.1127  0.8068  0.7170  -0.5727   0.0000   0.5263
   1.000   0.4962   0.00630   0.00221  -0.1189  0.7840  0.7768  -0.7692   0.0000   0.4881
   2.000   0.5660   0.00643   0.00220  -0.1191  0.6737  0.8439  -1.1729   0.0000   0.4580
   3.000   0.5944   0.00822   0.00312  -0.1089  0.3952  0.9877  -1.5644   0.0000   0.4298
   4.000   0.6153   0.01082   0.00454  -0.0985  0.1102  1.0000  -1.9854   0.0000   0.4058
   5.000   0.6679   0.01229   0.00574  -0.0963  0.0438  1.0000  -2.5866   0.0000   0.3889
   6.000   0.7243   0.01368   0.00713  -0.0952  0.0257  1.0000  -3.3455   0.0000   0.3753
   7.000   0.7786   0.01536   0.00893  -0.0940  0.0186  1.0000  -4.1415   0.0000   0.3635
   8.000   0.8299   0.01737   0.01109  -0.0926  0.0139  1.0000  -4.9683   0.0000   0.3533
   9.000   0.8782   0.01971   0.01363  -0.0910  0.0114  1.0000  -5.8113   0.0000   0.3443
  10.000   0.9179   0.02307   0.01727  -0.0882  0.0098  1.0000  -6.6788   0.0000   0.3357
  11.000   0.9569   0.02688   0.02150  -0.0861  0.0086  1.0000  -7.6419   0.0000   0.3283
  12.000   0.9850   0.03148   0.02655  -0.0830  0.0075  1.0000  -8.5709   0.0000   0.3214
  13.000   0.9986   0.03698   0.03243  -0.0790  0.0067  1.0000  -9.4555   0.0000   0.3148
  14.000   0.9715   0.04762   0.04374  -0.0724  0.0062  1.0000  -9.7363   0.0000   0.3086
  15.000   0.9188   0.06392   0.06072  -0.0692  0.0061  1.0000  -9.6046   0.0000   0.3075
  16.000   0.6671   0.14186   0.13958  -0.0825  0.0069  1.0000  -4.0542   0.0000   0.3553
  17.000   0.6680   0.15779   0.15548  -0.0894  0.0064  1.0000  -3.7489   0.0000   0.3637
  18.000   0.6699   0.17481   0.17245  -0.0963  0.0055  1.0000  -3.0104   0.0000   0.3720
  19.000   0.6809   0.18876   0.18639  -0.1030  0.0053  1.0000  -2.4905   0.0000   0.3776
  20.000   0.6976   0.19997   0.19759  -0.1096  0.0057  1.0000  -2.3046   0.0000   0.3815


