xflr5 v6.49

 Calculated polar for: Aerofoil92

 1 1 Reynolds number fixed          Mach number fixed         

 xtrf =   1.000 (top)        1.000 (bottom)
 Mach =   0.000     Re =     0.500 e 6     Ncrit =   5.000

  alpha     CL        CD       CDp       Cm    Top Xtr Bot Xtr   Cpmin    Chinge    XCp    
 ------- -------- --------- --------- -------- ------- ------- -------- --------- ---------
 -20.000  -0.4326   0.16780   0.16527   0.0242  1.0000  0.0114  -2.5473   0.0000   0.2706
 -19.000  -0.4170   0.15577   0.15325   0.0176  1.0000  0.0125  -2.6498   0.0000   0.2588
 -18.000  -0.6685   0.08390   0.08085   0.0060  1.0000  0.0166  -7.0033   0.0000   0.2373
 -17.000  -0.7457   0.06006   0.05661   0.0006  1.0000  0.0169  -7.6321   0.0000   0.2329
 -16.000  -0.8032   0.04228   0.03843  -0.0023  1.0000  0.0172  -7.8714   0.0000   0.2321
 -15.000  -0.8399   0.03092   0.02670  -0.0007  1.0000  0.0179  -7.7765   0.0000   0.2365
 -14.000  -0.8119   0.02409   0.01946  -0.0057  0.9916  0.0193  -7.2277   0.0000   0.2317
 -13.000  -0.7597   0.02025   0.01525  -0.0095  0.9665  0.0210  -6.5411   0.0000   0.2271
 -12.000  -0.6879   0.01709   0.01181  -0.0152  0.9479  0.0243  -5.7643   0.0000   0.2179
 -11.000  -0.6108   0.01518   0.00962  -0.0200  0.9228  0.0282  -4.9746   0.0000   0.2076
 -10.000  -0.5438   0.01355   0.00776  -0.0214  0.8943  0.0336  -4.2738   0.0000   0.2012
  -9.000  -0.4706   0.01234   0.00635  -0.0239  0.8689  0.0412  -3.5822   0.0000   0.1899
  -8.000  -0.3912   0.01133   0.00520  -0.0278  0.8457  0.0531  -2.9841   0.0000   0.1695
  -7.000  -0.3075   0.01044   0.00423  -0.0326  0.8236  0.0729  -2.4072   0.0000   0.1335
  -6.000  -0.2206   0.00968   0.00345  -0.0383  0.8019  0.1056  -1.8936   0.0000   0.0644
  -5.000  -0.1322   0.00899   0.00282  -0.0444  0.7792  0.1586  -1.4444   0.0000  -0.1020
  -4.000  -0.0428   0.00837   0.00237  -0.0507  0.7567  0.2342  -1.0763   0.0000  -0.9769
  -3.000   0.0476   0.00786   0.00208  -0.0573  0.7337  0.3276  -0.7803   0.0000   1.4824
  -2.000   0.1381   0.00747   0.00190  -0.0640  0.7096  0.4304  -0.5526   0.0000   0.7188
  -1.000   0.2279   0.00717   0.00185  -0.0703  0.6837  0.5393  -0.6179   0.0000   0.5596
   0.000   0.3161   0.00694   0.00190  -0.0761  0.6555  0.6579  -0.6904   0.0000   0.4898
   1.000   0.4016   0.00676   0.00208  -0.0810  0.6240  0.7970  -0.7731   0.0000   0.4493
   2.000   0.5148   0.00702   0.00250  -0.0936  0.5859  0.9187  -0.8986   0.0000   0.4281
   3.000   0.6374   0.00764   0.00301  -0.1091  0.5313  0.9579  -1.1280   0.0000   0.4165
   4.000   0.7389   0.00854   0.00363  -0.1194  0.4465  0.9887  -1.4573   0.0000   0.4059
   5.000   0.8202   0.00996   0.00462  -0.1247  0.3336  1.0000  -1.8409   0.0000   0.3953
   6.000   0.8323   0.01136   0.00563  -0.1114  0.2401  1.0000  -2.1107   0.0000   0.3761
   7.000   0.8570   0.01330   0.00725  -0.1027  0.1558  1.0000  -2.4567   0.0000   0.3609
   8.000   0.8907   0.01553   0.00924  -0.0974  0.0985  1.0000  -2.8426   0.0000   0.3492
   9.000   0.9299   0.01795   0.01162  -0.0942  0.0675  1.0000  -3.3125   0.0000   0.3400
  10.000   0.9685   0.02077   0.01446  -0.0919  0.0492  1.0000  -3.8073   0.0000   0.3323
  11.000   1.0051   0.02410   0.01790  -0.0901  0.0387  1.0000  -4.3118   0.0000   0.3258
  12.000   1.0366   0.02812   0.02206  -0.0885  0.0313  1.0000  -4.8136   0.0000   0.3201
  13.000   1.0620   0.03311   0.02724  -0.0871  0.0266  1.0000  -5.3595   0.0000   0.3151
  14.000   1.0829   0.03899   0.03334  -0.0861  0.0233  1.0000  -5.8945   0.0000   0.3111
  15.000   1.0903   0.04683   0.04142  -0.0850  0.0206  1.0000  -6.3465   0.0000   0.3078
  16.000   1.0985   0.05530   0.05022  -0.0852  0.0189  1.0000  -6.8060   0.0000   0.3056
  17.000   1.0974   0.06553   0.06073  -0.0860  0.0170  1.0000  -7.1998   0.0000   0.3044
  18.000   1.0793   0.07883   0.07433  -0.0872  0.0156  1.0000  -7.4384   0.0000   0.3048
  19.000   1.0538   0.09402   0.08988  -0.0893  0.0148  1.0000  -7.5662   0.0000   0.3066
  20.000   1.0307   0.10950   0.10573  -0.0929  0.0142  1.0000  -7.6659   0.0000   0.3097


