xflr5 v6.49

 Calculated polar for: Aerofoil81

 1 1 Reynolds number fixed          Mach number fixed         

 xtrf =   1.000 (top)        1.000 (bottom)
 Mach =   0.000     Re =     0.500 e 6     Ncrit =   5.000

  alpha     CL        CD       CDp       Cm    Top Xtr Bot Xtr   Cpmin    Chinge    XCp    
 ------- -------- --------- --------- -------- ------- ------- -------- --------- ---------
 -20.000  -0.6992   0.09378   0.09034   0.0027  1.0000  0.0281  -5.9306   0.0000   0.2259
 -19.000  -0.7363   0.07807   0.07435  -0.0000  1.0000  0.0289  -6.0414   0.0000   0.2253
 -18.000  -0.7766   0.06191   0.05796  -0.0036  0.9992  0.0307  -6.1389   0.0000   0.2239
 -17.000  -0.7871   0.04684   0.04259  -0.0132  0.9945  0.0327  -6.0378   0.0000   0.2142
 -16.000  -0.7743   0.03573   0.03116  -0.0225  0.9847  0.0352  -5.7711   0.0000   0.2038
 -15.000  -0.7362   0.02745   0.02256  -0.0332  0.9732  0.0380  -5.3886   0.0000   0.1891
 -14.000  -0.7145   0.02136   0.01627  -0.0354  0.9538  0.0426  -5.0340   0.0000   0.1860
 -13.000  -0.6408   0.01751   0.01215  -0.0454  0.9446  0.0480  -4.4762   0.0000   0.1651
 -12.000  -0.5892   0.01523   0.00970  -0.0457  0.9233  0.0549  -3.9951   0.0000   0.1587
 -11.000  -0.5210   0.01366   0.00799  -0.0482  0.9031  0.0653  -3.4919   0.0000   0.1437
 -10.000  -0.4407   0.01239   0.00661  -0.0529  0.8843  0.0782  -3.0075   0.0000   0.1154
  -9.000  -0.3586   0.01134   0.00547  -0.0578  0.8640  0.0971  -2.5404   0.0000   0.0732
  -8.000  -0.2746   0.01050   0.00461  -0.0628  0.8436  0.1223  -2.1329   0.0000   0.0033
  -7.000  -0.1851   0.00975   0.00388  -0.0692  0.8238  0.1556  -1.7499   0.0000  -0.1472
  -6.000  -0.0924   0.00912   0.00327  -0.0764  0.8029  0.1973  -1.4132   0.0000  -0.6159
  -5.000   0.0005   0.00861   0.00281  -0.0835  0.7800  0.2459  -1.1283   0.0000  162.7773
  -4.000   0.0937   0.00823   0.00252  -0.0907  0.7560  0.2996  -0.8895   0.0000   1.2437
  -3.000   0.1874   0.00798   0.00233  -0.0979  0.7303  0.3541  -0.6896   0.0000   0.7819
  -2.000   0.2803   0.00784   0.00225  -0.1050  0.7017  0.4091  -0.6910   0.0000   0.6281
  -1.000   0.3711   0.00780   0.00226  -0.1114  0.6697  0.4644  -0.7710   0.0000   0.5508
   0.000   0.4583   0.00785   0.00238  -0.1170  0.6343  0.5194  -0.8632   0.0000   0.5036
   1.000   0.5391   0.00802   0.00259  -0.1208  0.5918  0.5727  -0.9707   0.0000   0.4708
   2.000   0.6084   0.00830   0.00289  -0.1216  0.5441  0.6266  -1.0965   0.0000   0.4451
   3.000   0.6630   0.00876   0.00336  -0.1186  0.4899  0.6843  -1.2414   0.0000   0.4228
   4.000   0.7100   0.00951   0.00411  -0.1141  0.4301  0.7525  -1.4111   0.0000   0.4032
   5.000   0.7485   0.01035   0.00512  -0.1076  0.3668  0.8715  -1.6006   0.0000   0.3850
   6.000   0.8135   0.01190   0.00648  -0.1096  0.2947  1.0000  -1.8683   0.0000   0.3746
   7.000   0.8538   0.01374   0.00808  -0.1055  0.2340  1.0000  -2.1249   0.0000   0.3623
   8.000   0.8934   0.01587   0.01003  -0.1021  0.1829  1.0000  -2.4101   0.0000   0.3516
   9.000   0.9300   0.01843   0.01245  -0.0988  0.1420  1.0000  -2.7189   0.0000   0.3422
  10.000   0.9653   0.02137   0.01531  -0.0961  0.1116  1.0000  -3.0443   0.0000   0.3340
  11.000   0.9994   0.02473   0.01869  -0.0940  0.0899  1.0000  -3.3906   0.0000   0.3271
  12.000   1.0291   0.02877   0.02275  -0.0921  0.0733  1.0000  -3.7540   0.0000   0.3210
  13.000   1.0552   0.03351   0.02760  -0.0907  0.0619  1.0000  -4.1121   0.0000   0.3158
  14.000   1.0753   0.03925   0.03346  -0.0895  0.0529  1.0000  -4.4526   0.0000   0.3114
  15.000   1.0926   0.04580   0.04017  -0.0891  0.0458  1.0000  -4.8148   0.0000   0.3080
  16.000   1.1024   0.05372   0.04833  -0.0892  0.0412  1.0000  -5.1524   0.0000   0.3054
  17.000   1.1043   0.06322   0.05804  -0.0898  0.0370  1.0000  -5.4480   0.0000   0.3039
  18.000   1.0993   0.07440   0.06949  -0.0914  0.0340  1.0000  -5.6929   0.0000   0.3037
  19.000   1.0937   0.08645   0.08184  -0.0944  0.0311  1.0000  -5.9204   0.0000   0.3046
  20.000   1.0751   0.10105   0.09668  -0.0983  0.0283  1.0000  -6.0447   0.0000   0.3075


