xflr5 v6.49

 Calculated polar for: Aerofoil75

 1 1 Reynolds number fixed          Mach number fixed         

 xtrf =   1.000 (top)        1.000 (bottom)
 Mach =   0.000     Re =     0.500 e 6     Ncrit =   5.000

  alpha     CL        CD       CDp       Cm    Top Xtr Bot Xtr   Cpmin    Chinge    XCp    
 ------- -------- --------- --------- -------- ------- ------- -------- --------- ---------
 -20.000  -0.5868   0.10123   0.09816  -0.0092  0.9988  0.0269  -5.6397   0.0000   0.2006
 -19.000  -0.6310   0.07802   0.07454  -0.0207  0.9954  0.0282  -6.0075   0.0000   0.1881
 -18.000  -0.6491   0.06046   0.05662  -0.0317  0.9890  0.0291  -6.0624   0.0000   0.1754
 -17.000  -0.6672   0.04428   0.04012  -0.0425  0.9776  0.0310  -6.0679   0.0000   0.1638
 -16.000  -0.6753   0.03290   0.02845  -0.0478  0.9598  0.0329  -5.9303   0.0000   0.1595
 -15.000  -0.6366   0.02502   0.02023  -0.0578  0.9467  0.0356  -5.5376   0.0000   0.1407
 -14.000  -0.5923   0.01983   0.01475  -0.0640  0.9257  0.0390  -5.0909   0.0000   0.1244
 -13.000  -0.5147   0.01654   0.01120  -0.0736  0.9064  0.0442  -4.5092   0.0000   0.0887
 -12.000  -0.4700   0.01468   0.00908  -0.0713  0.8769  0.0489  -4.0480   0.0000   0.0802
 -11.000  -0.4164   0.01353   0.00772  -0.0696  0.8510  0.0560  -3.5780   0.0000   0.0646
 -10.000  -0.3482   0.01245   0.00649  -0.0710  0.8279  0.0659  -3.1202   0.0000   0.0263
  -9.000  -0.2703   0.01157   0.00545  -0.0746  0.8052  0.0791  -2.6560   0.0000  -0.0487
  -8.000  -0.1897   0.01079   0.00461  -0.0787  0.7832  0.0974  -2.2259   0.0000  -0.1939
  -7.000  -0.1046   0.01015   0.00394  -0.0839  0.7617  0.1235  -1.8363   0.0000  -0.5987
  -6.000  -0.0172   0.00958   0.00339  -0.0897  0.7404  0.1592  -1.4855   0.0000  -5.2028
  -5.000   0.0713   0.00912   0.00296  -0.0958  0.7185  0.2054  -1.1773   0.0000   1.6422
  -4.000   0.1601   0.00879   0.00267  -0.1019  0.6954  0.2608  -0.9157   0.0000   0.9040
  -3.000   0.2476   0.00851   0.00251  -0.1077  0.6724  0.3250  -0.7610   0.0000   0.6931
  -2.000   0.3338   0.00834   0.00246  -0.1132  0.6489  0.3928  -0.8302   0.0000   0.5925
  -1.000   0.4173   0.00827   0.00251  -0.1179  0.6247  0.4630  -0.9032   0.0000   0.5330
   0.000   0.4953   0.00828   0.00265  -0.1212  0.5995  0.5336  -0.9797   0.0000   0.4929
   1.000   0.5613   0.00834   0.00285  -0.1212  0.5734  0.6067  -1.0556   0.0000   0.4624
   3.000   0.6842   0.00888   0.00378  -0.1194  0.5166  0.7876  -1.2299   0.0000   0.4177
   5.000   0.8601   0.01053   0.00560  -0.1335  0.4444  1.0000  -1.5396   0.0000   0.3958
   6.000   0.9027   0.01181   0.00675  -0.1294  0.4037  1.0000  -1.7137   0.0000   0.3824
   7.000   0.9429   0.01359   0.00841  -0.1255  0.3574  1.0000  -1.9236   0.0000   0.3707
   8.000   0.9797   0.01596   0.01065  -0.1218  0.3069  1.0000  -2.1606   0.0000   0.3604
   9.000   1.0110   0.01916   0.01369  -0.1182  0.2538  1.0000  -2.4188   0.0000   0.3514
  10.000   1.0383   0.02310   0.01749  -0.1150  0.2032  1.0000  -2.6918   0.0000   0.3436
  11.000   1.0610   0.02784   0.02212  -0.1121  0.1590  1.0000  -2.9700   0.0000   0.3368
  12.000   1.0811   0.03326   0.02749  -0.1098  0.1238  1.0000  -3.2623   0.0000   0.3310
  13.000   1.0986   0.03934   0.03357  -0.1080  0.0975  1.0000  -3.5666   0.0000   0.3260
  14.000   1.1126   0.04615   0.04046  -0.1068  0.0786  1.0000  -3.8623   0.0000   0.3218
  15.000   1.1230   0.05372   0.04814  -0.1059  0.0654  1.0000  -4.1544   0.0000   0.3182
  16.000   1.1275   0.06227   0.05682  -0.1053  0.0549  1.0000  -4.4510   0.0000   0.3153
  17.000   1.1295   0.07145   0.06621  -0.1051  0.0478  1.0000  -4.7352   0.0000   0.3130
  18.000   1.1238   0.08174   0.07670  -0.1051  0.0423  1.0000  -4.9792   0.0000   0.3113
  19.000   1.1164   0.09249   0.08767  -0.1057  0.0378  1.0000  -5.2064   0.0000   0.3104
  20.000   1.1031   0.10414   0.09954  -0.1068  0.0339  1.0000  -5.3893   0.0000   0.3102


