xflr5 v6.49

 Calculated polar for: Aerofoil32

 1 1 Reynolds number fixed          Mach number fixed         

 xtrf =   1.000 (top)        1.000 (bottom)
 Mach =   0.000     Re =     0.500 e 6     Ncrit =   5.000

  alpha     CL        CD       CDp       Cm    Top Xtr Bot Xtr   Cpmin    Chinge    XCp    
 ------- -------- --------- --------- -------- ------- ------- -------- --------- ---------
 -20.000  -0.6400   0.07186   0.06839  -0.0366  0.9803  0.0148  -7.5178   0.0000   0.1692
 -19.000  -0.6622   0.05475   0.05081  -0.0459  0.9754  0.0154  -7.5261   0.0000   0.1608
 -18.000  -0.6800   0.04297   0.03863  -0.0479  0.9670  0.0160  -7.3385   0.0000   0.1627
 -17.000  -0.6881   0.03361   0.02893  -0.0483  0.9565  0.0173  -7.0282   0.0000   0.1654
 -16.000  -0.6546   0.02752   0.02252  -0.0524  0.9493  0.0190  -6.4079   0.0000   0.1566
 -15.000  -0.6076   0.02318   0.01786  -0.0562  0.9433  0.0211  -5.7130   0.0000   0.1449
 -14.000  -0.5820   0.01993   0.01434  -0.0521  0.9278  0.0233  -5.1918   0.0000   0.1488
 -13.000  -0.5145   0.01737   0.01158  -0.0567  0.9197  0.0279  -4.5021   0.0000   0.1278
 -12.000  -0.4666   0.01553   0.00957  -0.0549  0.9051  0.0332  -3.9236   0.0000   0.1204
 -11.000  -0.3884   0.01384   0.00773  -0.0603  0.8940  0.0419  -3.2543   0.0000   0.0815
  -9.000  -0.2451   0.01149   0.00525  -0.0660  0.8672  0.0829  -2.1598   0.0000  -0.0370
  -8.000  -0.1856   0.01059   0.00445  -0.0650  0.8527  0.1290  -1.7212   0.0000  -0.1218
  -7.000  -0.1302   0.00967   0.00372  -0.0627  0.8370  0.2122  -1.3679   0.0000  -0.2586
  -6.000  -0.0951   0.00894   0.00333  -0.0545  0.8197  0.3230  -1.0936   0.0000  -0.3558
  -5.000  -0.0219   0.00806   0.00280  -0.0568  0.8052  0.4696  -0.8043   0.0000  -2.4714
  -4.000   0.0034   0.00761   0.00267  -0.0453  0.7868  0.5751  -0.6349   0.0000  14.0611
  -3.000   0.0758   0.00727   0.00254  -0.0469  0.7722  0.6722  -0.5605   0.0000   0.8913
  -2.000   0.1441   0.00713   0.00256  -0.0473  0.7548  0.7442  -0.5975   0.0000   0.5866
  -1.000   0.2168   0.00717   0.00275  -0.0491  0.7375  0.8015  -0.6398   0.0000   0.4793
   0.000   0.3139   0.00726   0.00290  -0.0579  0.7197  0.8491  -0.6995   0.0000   0.4339
   1.000   0.4099   0.00759   0.00335  -0.0667  0.6979  0.8872  -0.7657   0.0000   0.4100
   2.000   0.5319   0.00811   0.00394  -0.0831  0.6693  0.9081  -0.9584   0.0000   0.4019
   3.000   0.5962   0.00900   0.00466  -0.0835  0.5920  0.9347  -1.2311   0.0000   0.3842
   4.000   0.6503   0.01082   0.00614  -0.0824  0.4796  0.9560  -1.5488   0.0000   0.3693
   5.000   0.6731   0.01408   0.00869  -0.0752  0.3022  0.9850  -1.8355   0.0000   0.3526
   6.000   0.7235   0.01764   0.01156  -0.0766  0.1426  0.9972  -2.2377   0.0000   0.3452
   7.000   0.7706   0.02025   0.01393  -0.0764  0.0805  1.0000  -2.6666   0.0000   0.3369
   8.000   0.8008   0.02262   0.01625  -0.0717  0.0551  1.0000  -3.1101   0.0000   0.3256
   9.000   0.8371   0.02530   0.01897  -0.0692  0.0414  1.0000  -3.5949   0.0000   0.3171
  10.000   0.8743   0.02844   0.02220  -0.0676  0.0329  1.0000  -4.1005   0.0000   0.3101
  11.000   0.9084   0.03212   0.02598  -0.0664  0.0265  1.0000  -4.6240   0.0000   0.3041
  12.000   0.9413   0.03625   0.03032  -0.0658  0.0229  1.0000  -5.2192   0.0000   0.2991
  13.000   0.9641   0.04157   0.03582  -0.0645  0.0199  1.0000  -5.7701   0.0000   0.2942
  14.000   0.9856   0.04746   0.04198  -0.0640  0.0181  1.0000  -6.3269   0.0000   0.2903
  15.000   1.0016   0.05434   0.04911  -0.0640  0.0161  1.0000  -6.8669   0.0000   0.2872
  16.000   0.9992   0.06383   0.05888  -0.0633  0.0144  1.0000  -7.2620   0.0000   0.2844
  17.000   0.9983   0.07395   0.06937  -0.0642  0.0137  1.0000  -7.6541   0.0000   0.2831
  18.000   0.9857   0.08640   0.08221  -0.0659  0.0129  1.0000  -7.9242   0.0000   0.2832
  19.000   0.9628   0.10121   0.09741  -0.0687  0.0123  1.0000  -8.0547   0.0000   0.2852
  20.000   0.9305   0.11855   0.11514  -0.0733  0.0117  1.0000  -8.0091   0.0000   0.2898


