xflr5 v6.49

 Calculated polar for: Aerofoil71

 1 1 Reynolds number fixed          Mach number fixed         

 xtrf =   1.000 (top)        1.000 (bottom)
 Mach =   0.000     Re =     0.500 e 6     Ncrit =   5.000

  alpha     CL        CD       CDp       Cm    Top Xtr Bot Xtr   Cpmin    Chinge    XCp    
 ------- -------- --------- --------- -------- ------- ------- -------- --------- ---------
 -20.000  -0.5827   0.10956   0.10654  -0.0067  0.9983  0.0217  -5.8242   0.0000   0.2036
 -19.000  -0.6164   0.08777   0.08448  -0.0178  0.9949  0.0234  -6.1596   0.0000   0.1903
 -18.000  -0.6408   0.06886   0.06527  -0.0285  0.9892  0.0249  -6.2971   0.0000   0.1782
 -17.000  -0.6496   0.05320   0.04928  -0.0393  0.9797  0.0266  -6.2464   0.0000   0.1651
 -16.000  -0.6575   0.04091   0.03666  -0.0458  0.9657  0.0279  -6.1013   0.0000   0.1586
 -15.000  -0.6501   0.03047   0.02586  -0.0532  0.9516  0.0297  -5.8347   0.0000   0.1487
 -14.000  -0.6163   0.02291   0.01804  -0.0620  0.9374  0.0330  -5.3891   0.0000   0.1314
 -13.000  -0.5449   0.01842   0.01319  -0.0736  0.9231  0.0367  -4.7810   0.0000   0.0971
 -12.000  -0.5124   0.01558   0.01014  -0.0715  0.8986  0.0427  -4.3504   0.0000   0.0935
 -11.000  -0.4746   0.01417   0.00848  -0.0668  0.8763  0.0484  -3.8988   0.0000   0.0931
 -10.000  -0.4071   0.01294   0.00706  -0.0687  0.8591  0.0577  -3.3614   0.0000   0.0646
  -9.000  -0.3339   0.01185   0.00591  -0.0717  0.8425  0.0727  -2.8495   0.0000   0.0175
  -7.000  -0.1636   0.01014   0.00412  -0.0831  0.8113  0.1242  -1.9297   0.0000  -0.2852
  -6.000  -0.0749   0.00945   0.00350  -0.0896  0.7967  0.1673  -1.5442   0.0000  -0.9979
  -5.000   0.0184   0.00889   0.00299  -0.0972  0.7806  0.2195  -1.2075   0.0000   5.7048
  -4.000   0.1096   0.00846   0.00269  -0.1042  0.7645  0.2783  -0.9303   0.0000   1.2230
  -3.000   0.2044   0.00814   0.00246  -0.1121  0.7478  0.3389  -0.7025   0.0000   0.8071
  -2.000   0.2968   0.00793   0.00237  -0.1192  0.7293  0.3986  -0.7108   0.0000   0.6554
  -1.000   0.3882   0.00783   0.00238  -0.1262  0.7104  0.4562  -0.7717   0.0000   0.5757
   0.000   0.4786   0.00780   0.00246  -0.1327  0.6896  0.5125  -0.8374   0.0000   0.5261
   1.000   0.5648   0.00786   0.00261  -0.1382  0.6658  0.5683  -0.9097   0.0000   0.4919
   2.000   0.6426   0.00797   0.00286  -0.1414  0.6382  0.6255  -0.9916   0.0000   0.4658
   3.000   0.7014   0.00814   0.00318  -0.1394  0.6034  0.6869  -1.1045   0.0000   0.4433
   4.000   0.7486   0.00859   0.00374  -0.1345  0.5559  0.7646  -1.2701   0.0000   0.4230
   5.000   0.8067   0.00939   0.00477  -0.1332  0.4879  0.9942  -1.5005   0.0000   0.4073
   6.000   0.8328   0.01104   0.00610  -0.1247  0.4088  1.0000  -1.7180   0.0000   0.3906
   7.000   0.8513   0.01344   0.00814  -0.1155  0.3170  1.0000  -1.9472   0.0000   0.3752
   8.000   0.8720   0.01637   0.01069  -0.1081  0.2275  1.0000  -2.2081   0.0000   0.3622
   9.000   0.8992   0.01957   0.01360  -0.1031  0.1584  1.0000  -2.4990   0.0000   0.3516
  10.000   0.9310   0.02292   0.01681  -0.0999  0.1128  1.0000  -2.8420   0.0000   0.3429
  11.000   0.9647   0.02657   0.02040  -0.0979  0.0828  1.0000  -3.2097   0.0000   0.3356
  12.000   0.9974   0.03062   0.02447  -0.0964  0.0647  1.0000  -3.5850   0.0000   0.3294
  13.000   1.0286   0.03515   0.02908  -0.0955  0.0519  1.0000  -4.0109   0.0000   0.3241
  14.000   1.0549   0.04037   0.03441  -0.0946  0.0433  1.0000  -4.4308   0.0000   0.3193
  15.000   1.0769   0.04633   0.04054  -0.0939  0.0374  1.0000  -4.8407   0.0000   0.3153
  16.000   1.0926   0.05329   0.04771  -0.0935  0.0329  1.0000  -5.2261   0.0000   0.3119
  17.000   1.1012   0.06150   0.05611  -0.0933  0.0287  1.0000  -5.5789   0.0000   0.3093
  18.000   1.1046   0.07093   0.06581  -0.0939  0.0264  1.0000  -5.9248   0.0000   0.3076
  19.000   1.1042   0.08158   0.07676  -0.0957  0.0242  1.0000  -6.2567   0.0000   0.3072
  20.000   1.0947   0.09416   0.08960  -0.0984  0.0223  1.0000  -6.5115   0.0000   0.3083


