xflr5 v6.49

 Calculated polar for: Aerofoil85

 1 1 Reynolds number fixed          Mach number fixed         

 xtrf =   1.000 (top)        1.000 (bottom)
 Mach =   0.000     Re =     0.500 e 6     Ncrit =   5.000

  alpha     CL        CD       CDp       Cm    Top Xtr Bot Xtr   Cpmin    Chinge    XCp    
 ------- -------- --------- --------- -------- ------- ------- -------- --------- ---------
 -20.000  -0.5108   0.08936   0.08631  -0.0452  0.9764  0.0175  -6.4535   0.0000   0.1255
 -19.000  -0.5795   0.06327   0.05972  -0.0566  0.9730  0.0178  -7.0852   0.0000   0.1240
 -18.000  -0.6363   0.04762   0.04367  -0.0557  0.9607  0.0183  -7.2648   0.0000   0.1397
 -15.000  -0.5925   0.02442   0.01931  -0.0649  0.9329  0.0217  -6.1139   0.0000   0.1236
 -14.000  -0.5515   0.02039   0.01504  -0.0662  0.9218  0.0248  -5.5435   0.0000   0.1138
 -13.000  -0.4985   0.01805   0.01244  -0.0672  0.9093  0.0280  -4.9118   0.0000   0.0991
 -12.000  -0.4390   0.01590   0.01008  -0.0689  0.8949  0.0320  -4.2830   0.0000   0.0767
 -11.000  -0.3700   0.01444   0.00840  -0.0718  0.8808  0.0372  -3.6369   0.0000   0.0382
 -10.000  -0.2881   0.01303   0.00686  -0.0778  0.8671  0.0469  -3.0501   0.0000  -0.0407
  -9.000  -0.2247   0.01204   0.00579  -0.0782  0.8510  0.0594  -2.5541   0.0000  -0.1218
  -8.000  -0.1443   0.01110   0.00477  -0.0829  0.8352  0.0818  -2.0381   0.0000  -0.3582
  -7.000  -0.1036   0.01053   0.00426  -0.0763  0.8167  0.1122  -1.7029   0.0000  -0.5276
  -6.000  -0.0427   0.00987   0.00368  -0.0753  0.8005  0.1672  -1.3421   0.0000  -1.5986
  -5.000   0.0098   0.00922   0.00323  -0.0719  0.7821  0.2533  -1.0578   0.0000   7.8992
  -4.000   0.0477   0.00859   0.00295  -0.0643  0.7633  0.3749  -0.8339   0.0000   1.6508
  -3.000   0.1008   0.00788   0.00267  -0.0609  0.7455  0.5386  -0.6337   0.0000   0.8729
  -2.000   0.1503   0.00744   0.00262  -0.0562  0.7259  0.6863  -0.6669   0.0000   0.6321
  -1.000   0.2132   0.00736   0.00286  -0.0552  0.7069  0.7976  -0.7096   0.0000   0.5114
   0.000   0.3320   0.00765   0.00325  -0.0701  0.6887  0.8677  -0.7874   0.0000   0.4602
   1.000   0.4611   0.00814   0.00368  -0.0882  0.6669  0.9003  -0.8786   0.0000   0.4383
   2.000   0.5399   0.00870   0.00426  -0.0922  0.6421  0.9291  -0.9490   0.0000   0.4163
   3.000   0.6469   0.00941   0.00495  -0.1045  0.6128  0.9409  -1.0536   0.0000   0.4056
   4.000   0.7165   0.01028   0.00582  -0.1068  0.5747  0.9607  -1.2353   0.0000   0.3916
   5.000   0.7777   0.01167   0.00701  -0.1078  0.5055  0.9797  -1.5060   0.0000   0.3797
   6.000   0.8336   0.01387   0.00892  -0.1087  0.4127  0.9947  -1.8269   0.0000   0.3700
   7.000   0.8627   0.01714   0.01177  -0.1040  0.2993  1.0000  -2.1270   0.0000   0.3586
   8.000   0.8587   0.02068   0.01491  -0.0914  0.2018  1.0000  -2.3773   0.0000   0.3427
   9.000   0.8701   0.02442   0.01835  -0.0835  0.1272  1.0000  -2.6753   0.0000   0.3306
  10.000   0.8946   0.02820   0.02200  -0.0795  0.0844  1.0000  -3.0490   0.0000   0.3218
  11.000   0.9224   0.03226   0.02605  -0.0770  0.0590  1.0000  -3.4654   0.0000   0.3148
  12.000   0.9504   0.03676   0.03061  -0.0754  0.0452  1.0000  -3.8958   0.0000   0.3089
  13.000   0.9761   0.04182   0.03579  -0.0744  0.0362  1.0000  -4.3285   0.0000   0.3040
  14.000   0.9994   0.04745   0.04159  -0.0738  0.0300  1.0000  -4.7923   0.0000   0.2998
  15.000   1.0161   0.05412   0.04846  -0.0733  0.0260  1.0000  -5.2562   0.0000   0.2961
  16.000   1.0282   0.06168   0.05627  -0.0732  0.0230  1.0000  -5.7025   0.0000   0.2931
  17.000   1.0279   0.07117   0.06599  -0.0730  0.0204  1.0000  -6.0695   0.0000   0.2907
  18.000   1.0320   0.08057   0.07569  -0.0742  0.0187  1.0000  -6.4633   0.0000   0.2894
  19.000   1.0278   0.09153   0.08694  -0.0759  0.0170  1.0000  -6.7923   0.0000   0.2890
  20.000   1.0135   0.10430   0.09999  -0.0782  0.0156  1.0000  -7.0206   0.0000   0.2899


