xflr5 v6.49

 Calculated polar for: Aerofoil14

 1 1 Reynolds number fixed          Mach number fixed         

 xtrf =   1.000 (top)        1.000 (bottom)
 Mach =   0.000     Re =     0.500 e 6     Ncrit =   5.000

  alpha     CL        CD       CDp       Cm    Top Xtr Bot Xtr   Cpmin    Chinge    XCp    
 ------- -------- --------- --------- -------- ------- ------- -------- --------- ---------
 -20.000  -0.6330   0.09656   0.09304  -0.0159  0.9931  0.0283  -5.7417   0.0000   0.1858
 -19.000  -0.6546   0.07918   0.07543  -0.0248  0.9881  0.0303  -5.8082   0.0000   0.1767
 -18.000  -0.6692   0.06349   0.05947  -0.0338  0.9815  0.0323  -5.7779   0.0000   0.1674
 -17.000  -0.6656   0.05042   0.04609  -0.0437  0.9749  0.0344  -5.6348   0.0000   0.1549
 -16.000  -0.6743   0.04044   0.03581  -0.0454  0.9619  0.0362  -5.4739   0.0000   0.1562
 -15.000  -0.6601   0.03119   0.02631  -0.0519  0.9510  0.0397  -5.2053   0.0000   0.1471
 -14.000  -0.6248   0.02492   0.01981  -0.0578  0.9407  0.0438  -4.8173   0.0000   0.1346
 -13.000  -0.5868   0.02032   0.01497  -0.0610  0.9236  0.0482  -4.4097   0.0000   0.1245
 -12.000  -0.5319   0.01724   0.01169  -0.0650  0.9061  0.0548  -3.9399   0.0000   0.1066
 -10.000  -0.3815   0.01327   0.00741  -0.0775  0.8685  0.0771  -3.0002   0.0000   0.0239
  -9.000  -0.3375   0.01229   0.00630  -0.0732  0.8449  0.0919  -2.6377   0.0000   0.0103
  -8.000  -0.2773   0.01144   0.00538  -0.0727  0.8238  0.1119  -2.2801   0.0000  -0.0362
  -7.000  -0.2044   0.01070   0.00459  -0.0752  0.8033  0.1401  -1.9193   0.0000  -0.1456
  -6.000  -0.1311   0.01004   0.00395  -0.0776  0.7822  0.1774  -1.6037   0.0000  -0.3781
  -5.000  -0.0571   0.00948   0.00347  -0.0801  0.7622  0.2233  -1.3210   0.0000  -1.2216
  -4.000   0.0223   0.00904   0.00309  -0.0839  0.7425  0.2768  -1.0698   0.0000   4.1425
  -3.000   0.1034   0.00869   0.00280  -0.0881  0.7217  0.3329  -0.8550   0.0000   1.1234
  -2.000   0.1780   0.00842   0.00263  -0.0905  0.7001  0.3904  -0.7194   0.0000   0.7655
  -1.000   0.2445   0.00823   0.00255  -0.0906  0.6782  0.4462  -0.7707   0.0000   0.6220
   0.000   0.3168   0.00817   0.00258  -0.0923  0.6560  0.5031  -0.8295   0.0000   0.5396
   1.000   0.3884   0.00825   0.00275  -0.0938  0.6326  0.5601  -0.8930   0.0000   0.4877
   2.000   0.4536   0.00843   0.00303  -0.0937  0.6078  0.6187  -0.9595   0.0000   0.4511
   3.000   0.5153   0.00868   0.00343  -0.0928  0.5814  0.6817  -1.0320   0.0000   0.4232
   5.000   0.6245   0.00943   0.00469  -0.0877  0.5201  0.8669  -1.2134   0.0000   0.3810
   7.000   0.8513   0.01269   0.00776  -0.1178  0.4133  1.0000  -1.7143   0.0000   0.3770
   8.000   0.8844   0.01479   0.00969  -0.1123  0.3558  1.0000  -1.9298   0.0000   0.3643
   9.000   0.9123   0.01767   0.01233  -0.1067  0.2920  1.0000  -2.1610   0.0000   0.3530
  10.000   0.9367   0.02126   0.01572  -0.1017  0.2296  1.0000  -2.4019   0.0000   0.3432
  11.000   0.9609   0.02539   0.01966  -0.0977  0.1747  1.0000  -2.6719   0.0000   0.3349
  12.000   0.9844   0.03006   0.02422  -0.0946  0.1326  1.0000  -2.9472   0.0000   0.3278
  13.000   1.0095   0.03504   0.02917  -0.0927  0.1042  1.0000  -3.2528   0.0000   0.3220
  14.000   1.0326   0.04057   0.03473  -0.0913  0.0829  1.0000  -3.5702   0.0000   0.3171
  15.000   1.0522   0.04678   0.04102  -0.0903  0.0688  1.0000  -3.8802   0.0000   0.3128
  16.000   1.0689   0.05367   0.04803  -0.0898  0.0583  1.0000  -4.1873   0.0000   0.3093
  17.000   1.0801   0.06144   0.05596  -0.0895  0.0500  1.0000  -4.5071   0.0000   0.3064
  18.000   1.0842   0.07045   0.06513  -0.0895  0.0439  1.0000  -4.7950   0.0000   0.3042
  19.000   1.0885   0.07973   0.07465  -0.0902  0.0396  1.0000  -5.0806   0.0000   0.3026
  20.000   1.0810   0.09087   0.08599  -0.0912  0.0355  1.0000  -5.3000   0.0000   0.3020


