xflr5 v6.49

 Calculated polar for: Aerofoil63

 1 1 Reynolds number fixed          Mach number fixed         

 xtrf =   1.000 (top)        1.000 (bottom)
 Mach =   0.000     Re =     0.500 e 6     Ncrit =   5.000

  alpha     CL        CD       CDp       Cm    Top Xtr Bot Xtr   Cpmin    Chinge    XCp    
 ------- -------- --------- --------- -------- ------- ------- -------- --------- ---------
 -20.000  -0.7951   0.09018   0.08662   0.0272  1.0000  0.0244  -6.3250   0.0000   0.2637
 -19.000  -0.8281   0.07324   0.06942   0.0221  1.0000  0.0257  -6.4170   0.0000   0.2586
 -18.000  -0.8532   0.05860   0.05449   0.0180  1.0000  0.0273  -6.3905   0.0000   0.2551
 -17.000  -0.8704   0.04626   0.04184   0.0150  1.0000  0.0287  -6.2630   0.0000   0.2532
 -16.000  -0.8926   0.03493   0.03023   0.0139  1.0000  0.0306  -6.1307   0.0000   0.2534
 -15.000  -0.8994   0.02665   0.02171   0.0145  1.0000  0.0331  -5.8634   0.0000   0.2555
 -14.000  -0.8986   0.02120   0.01603   0.0184  1.0000  0.0358  -5.5226   0.0000   0.2611
 -13.000  -0.8836   0.01792   0.01254   0.0240  0.9934  0.0392  -5.0987   0.0000   0.2686
 -12.000  -0.7858   0.01556   0.01003   0.0129  0.9733  0.0477  -4.3970   0.0000   0.2583
 -11.000  -0.6896   0.01366   0.00802   0.0036  0.9483  0.0587  -3.7486   0.0000   0.2472
 -10.000  -0.5984   0.01218   0.00649  -0.0037  0.9155  0.0760  -3.1482   0.0000   0.2359
  -9.000  -0.5119   0.01106   0.00528  -0.0092  0.8801  0.0980  -2.6482   0.0000   0.2239
  -8.000  -0.4218   0.01009   0.00428  -0.0155  0.8463  0.1305  -2.1741   0.0000   0.2047
  -7.000  -0.3281   0.00929   0.00349  -0.0226  0.8135  0.1740  -1.7667   0.0000   0.1715
  -6.000  -0.2321   0.00863   0.00285  -0.0304  0.7808  0.2256  -1.4108   0.0000   0.1078
  -5.000  -0.1339   0.00815   0.00240  -0.0385  0.7480  0.2808  -1.1128   0.0000  -0.0544
  -4.000  -0.0347   0.00779   0.00210  -0.0470  0.7131  0.3360  -0.8707   0.0000  -1.1537
  -3.000   0.0648   0.00759   0.00191  -0.0555  0.6757  0.3889  -0.6782   0.0000   1.1266
  -2.000   0.1645   0.00752   0.00184  -0.0641  0.6362  0.4389  -0.5860   0.0000   0.6444
  -1.000   0.2634   0.00755   0.00189  -0.0725  0.5912  0.4879  -0.6903   0.0000   0.5259
   0.000   0.3613   0.00770   0.00203  -0.0808  0.5412  0.5339  -0.8189   0.0000   0.4719
   1.000   0.4569   0.00802   0.00230  -0.0885  0.4831  0.5806  -0.9845   0.0000   0.4405
   2.000   0.5501   0.00848   0.00271  -0.0957  0.4156  0.6263  -1.2004   0.0000   0.4195
   3.000   0.6386   0.00919   0.00329  -0.1019  0.3391  0.6750  -1.4701   0.0000   0.4039
   4.000   0.7223   0.01009   0.00407  -0.1071  0.2606  0.7263  -1.7892   0.0000   0.3914
   5.000   0.7986   0.01116   0.00504  -0.1105  0.1907  0.7893  -2.1531   0.0000   0.3803
   6.000   0.8602   0.01212   0.00614  -0.1099  0.1393  0.9136  -2.5358   0.0000   0.3686
   7.000   0.9238   0.01353   0.00743  -0.1109  0.1014  1.0000  -2.9562   0.0000   0.3596
   8.000   0.9705   0.01512   0.00898  -0.1080  0.0795  1.0000  -3.3852   0.0000   0.3496
   9.000   1.0106   0.01719   0.01106  -0.1047  0.0632  1.0000  -3.8180   0.0000   0.3407
  10.000   1.0465   0.01979   0.01373  -0.1017  0.0528  1.0000  -4.2481   0.0000   0.3328
  11.000   1.0765   0.02315   0.01719  -0.0989  0.0444  1.0000  -4.6871   0.0000   0.3261
  12.000   1.1024   0.02734   0.02158  -0.0969  0.0391  1.0000  -5.1460   0.0000   0.3205
  13.000   1.1160   0.03319   0.02761  -0.0948  0.0347  1.0000  -5.5489   0.0000   0.3159
  14.000   1.1292   0.04006   0.03476  -0.0945  0.0318  1.0000  -5.9472   0.0000   0.3129
  15.000   1.1303   0.04931   0.04423  -0.0950  0.0286  1.0000  -6.2734   0.0000   0.3114
  16.000   1.1235   0.06093   0.05616  -0.0970  0.0264  1.0000  -6.5297   0.0000   0.3117
  17.000   1.1138   0.07446   0.07004  -0.1009  0.0248  1.0000  -6.7389   0.0000   0.3139
  18.000   1.0952   0.09075   0.08668  -0.1064  0.0232  1.0000  -6.8493   0.0000   0.3183
  19.000   1.0693   0.10929   0.10552  -0.1134  0.0218  1.0000  -6.8758   0.0000   0.3250
  20.000   1.0442   0.12783   0.12434  -0.1212  0.0204  1.0000  -6.8504   0.0000   0.3328


