xflr5 v6.49

 Calculated polar for: Aerofoil80

 1 1 Reynolds number fixed          Mach number fixed         

 xtrf =   1.000 (top)        1.000 (bottom)
 Mach =   0.000     Re =     0.500 e 6     Ncrit =   5.000

  alpha     CL        CD       CDp       Cm    Top Xtr Bot Xtr   Cpmin    Chinge    XCp    
 ------- -------- --------- --------- -------- ------- ------- -------- --------- ---------
 -19.000  -0.5886   0.09143   0.08850  -0.0061  1.0000  0.0194  -6.2950   0.0000   0.2131
 -18.000  -0.6775   0.06570   0.06233  -0.0115  1.0000  0.0198  -7.0604   0.0000   0.2121
 -17.000  -0.7382   0.04819   0.04444  -0.0135  0.9999  0.0203  -7.3509   0.0000   0.2145
 -16.000  -0.7274   0.03465   0.03045  -0.0263  0.9923  0.0212  -7.1108   0.0000   0.1988
 -15.000  -0.7079   0.02573   0.02114  -0.0335  0.9606  0.0226  -6.7247   0.0000   0.1892
 -14.000  -0.6367   0.02041   0.01552  -0.0460  0.9407  0.0257  -6.0105   0.0000   0.1648
 -13.000  -0.5728   0.01730   0.01201  -0.0514  0.9042  0.0284  -5.3331   0.0000   0.1474
 -12.000  -0.5519   0.01545   0.00983  -0.0428  0.8637  0.0312  -4.8524   0.0000   0.1604
 -11.000  -0.4974   0.01416   0.00827  -0.0412  0.8358  0.0356  -4.2486   0.0000   0.1553
 -10.000  -0.4287   0.01293   0.00689  -0.0428  0.8124  0.0427  -3.6737   0.0000   0.1378
  -9.000  -0.3504   0.01189   0.00569  -0.0466  0.7912  0.0517  -3.0969   0.0000   0.1037
  -8.000  -0.2662   0.01104   0.00472  -0.0517  0.7705  0.0668  -2.5317   0.0000   0.0402
  -7.000  -0.1789   0.01028   0.00388  -0.0575  0.7491  0.0902  -2.0458   0.0000  -0.0922
  -6.000  -0.0892   0.00959   0.00323  -0.0640  0.7285  0.1288  -1.5951   0.0000  -0.5039
  -5.000   0.0019   0.00897   0.00275  -0.0709  0.7086  0.1921  -1.2205   0.0000  39.0809
  -4.000   0.0937   0.00844   0.00239  -0.0781  0.6883  0.2806  -0.9009   0.0000   1.1070
  -3.000   0.1855   0.00802   0.00218  -0.0852  0.6666  0.3869  -0.6845   0.0000   0.7181
  -2.000   0.2779   0.00774   0.00212  -0.0924  0.6447  0.4930  -0.7541   0.0000   0.5862
  -1.000   0.3700   0.00761   0.00219  -0.0996  0.6225  0.5876  -0.8288   0.0000   0.5197
   0.000   0.4604   0.00759   0.00236  -0.1062  0.5993  0.6720  -0.9086   0.0000   0.4793
   1.000   0.5483   0.00768   0.00260  -0.1122  0.5748  0.7491  -0.9947   0.0000   0.4516
   2.000   0.6310   0.00784   0.00292  -0.1168  0.5486  0.8257  -1.0876   0.0000   0.4306
   3.000   0.7125   0.00811   0.00338  -0.1210  0.5194  0.9213  -1.1957   0.0000   0.4140
   4.000   0.8318   0.00886   0.00405  -0.1363  0.4810  0.9920  -1.4035   0.0000   0.4068
   5.000   0.8796   0.00960   0.00469  -0.1325  0.4351  1.0000  -1.6357   0.0000   0.3922
   6.000   0.9063   0.01079   0.00571  -0.1237  0.3805  1.0000  -1.8784   0.0000   0.3768
   7.000   0.9305   0.01265   0.00738  -0.1157  0.3163  1.0000  -2.1535   0.0000   0.3632
   8.000   0.9507   0.01539   0.00988  -0.1084  0.2444  1.0000  -2.4414   0.0000   0.3514
   9.000   0.9671   0.01913   0.01337  -0.1021  0.1727  1.0000  -2.7499   0.0000   0.3414
  10.000   0.9854   0.02360   0.01764  -0.0978  0.1154  1.0000  -3.0701   0.0000   0.3335
  11.000   1.0086   0.02837   0.02238  -0.0955  0.0822  1.0000  -3.4452   0.0000   0.3272
  12.000   1.0303   0.03375   0.02777  -0.0939  0.0601  1.0000  -3.8364   0.0000   0.3221
  13.000   1.0510   0.03967   0.03380  -0.0931  0.0476  1.0000  -4.2320   0.0000   0.3178
  14.000   1.0666   0.04640   0.04069  -0.0925  0.0392  1.0000  -4.6122   0.0000   0.3141
  15.000   1.0764   0.05404   0.04850  -0.0920  0.0329  1.0000  -4.9839   0.0000   0.3109
  16.000   1.0783   0.06280   0.05747  -0.0914  0.0285  1.0000  -5.3494   0.0000   0.3083
  17.000   1.0765   0.07226   0.06717  -0.0911  0.0258  1.0000  -5.6894   0.0000   0.3062
  18.000   1.0696   0.08264   0.07780  -0.0912  0.0233  1.0000  -5.9925   0.0000   0.3048
  19.000   1.0546   0.09508   0.09048  -0.0926  0.0210  1.0000  -6.2193   0.0000   0.3051
  20.000   1.0468   0.10738   0.10307  -0.0960  0.0195  1.0000  -6.4679   0.0000   0.3067


