xflr5 v6.49

 Calculated polar for: Aerofoil43

 1 1 Reynolds number fixed          Mach number fixed         

 xtrf =   1.000 (top)        1.000 (bottom)
 Mach =   0.000     Re =     0.500 e 6     Ncrit =   5.000

  alpha     CL        CD       CDp       Cm    Top Xtr Bot Xtr   Cpmin    Chinge    XCp    
 ------- -------- --------- --------- -------- ------- ------- -------- --------- ---------
 -20.000  -0.2563   0.15815   0.15570  -0.0265  0.9911  0.0096  -1.9715   0.0000   0.0805
 -16.000  -0.4585   0.04681   0.04366  -0.0711  0.9470  0.0146  -7.3119   0.0000   0.0719
 -15.000  -0.4753   0.02898   0.02514  -0.0869  0.9260  0.0151  -7.4006   0.0000   0.0488
 -14.000  -0.4424   0.02103   0.01653  -0.0966  0.9019  0.0160  -6.8477   0.0000   0.0144
 -13.000  -0.4389   0.01798   0.01305  -0.0869  0.8716  0.0174  -6.3313   0.0000   0.0368
 -12.000  -0.4101   0.01624   0.01096  -0.0799  0.8488  0.0191  -5.7195   0.0000   0.0407
 -11.000  -0.3514   0.01462   0.00894  -0.0795  0.8314  0.0214  -5.0042   0.0000   0.0084
 -10.000  -0.2848   0.01314   0.00727  -0.0808  0.8142  0.0260  -4.2705   0.0000  -0.0510
  -9.000  -0.2080   0.01193   0.00581  -0.0844  0.7997  0.0314  -3.5374   0.0000  -0.1772
  -8.000  -0.1258   0.01099   0.00471  -0.0892  0.7840  0.0409  -2.8226   0.0000  -0.4914
  -7.000  -0.0401   0.01025   0.00387  -0.0948  0.7697  0.0563  -2.2207   0.0000  -2.2075
  -6.000   0.0472   0.00957   0.00318  -0.1009  0.7548  0.0881  -1.6710   0.0000   2.4579
  -5.000   0.1346   0.00899   0.00272  -0.1071  0.7403  0.1471  -1.2112   0.0000   1.0680
  -4.000   0.2228   0.00846   0.00238  -0.1136  0.7249  0.2466  -0.8293   0.0000   0.7710
  -3.000   0.3087   0.00802   0.00226  -0.1195  0.7106  0.3757  -0.7677   0.0000   0.6434
  -2.000   0.3954   0.00769   0.00221  -0.1256  0.6942  0.5207  -0.8241   0.0000   0.5707
  -1.000   0.4743   0.00738   0.00234  -0.1294  0.6785  0.6774  -0.8784   0.0000   0.5238
   0.000   0.5570   0.00717   0.00263  -0.1339  0.6627  0.8729  -0.9384   0.0000   0.4896
   1.000   0.7102   0.00763   0.00314  -0.1586  0.6454  0.9614  -1.0452   0.0000   0.4710
   2.000   0.8264   0.00807   0.00361  -0.1734  0.6274  0.9968  -1.1358   0.0000   0.4560
   3.000   0.8978   0.00846   0.00400  -0.1757  0.6071  1.0000  -1.2148   0.0000   0.4405
   4.000   0.9428   0.00892   0.00449  -0.1707  0.5822  1.0000  -1.5125   0.0000   0.4245
   5.000   0.9497   0.01021   0.00552  -0.1562  0.5052  1.0000  -1.7816   0.0000   0.4064
   6.000   0.9650   0.01238   0.00745  -0.1457  0.4188  1.0000  -2.0917   0.0000   0.3914
   7.000   0.9533   0.01674   0.01125  -0.1313  0.2806  1.0000  -2.3672   0.0000   0.3765
   8.000   0.9451   0.02233   0.01620  -0.1201  0.1385  1.0000  -2.6559   0.0000   0.3643
   9.000   0.9631   0.02709   0.02071  -0.1154  0.0694  1.0000  -3.0469   0.0000   0.3554
  10.000   0.9920   0.03158   0.02517  -0.1134  0.0441  1.0000  -3.5213   0.0000   0.3482
  11.000   1.0226   0.03625   0.02995  -0.1123  0.0317  1.0000  -4.0674   0.0000   0.3421
  12.000   1.0501   0.04151   0.03537  -0.1114  0.0251  1.0000  -4.6170   0.0000   0.3367
  13.000   1.0707   0.04766   0.04166  -0.1103  0.0204  1.0000  -5.1456   0.0000   0.3318
  14.000   1.0934   0.05395   0.04821  -0.1102  0.0173  1.0000  -5.7068   0.0000   0.3277
  15.000   1.1018   0.06202   0.05649  -0.1091  0.0147  1.0000  -6.1789   0.0000   0.3240
  16.000   1.1120   0.07035   0.06513  -0.1091  0.0136  1.0000  -6.6677   0.0000   0.3211
  17.000   1.1159   0.07968   0.07476  -0.1093  0.0123  1.0000  -7.1898   0.0000   0.3189
  18.000   1.1129   0.09030   0.08568  -0.1100  0.0113  1.0000  -7.6540   0.0000   0.3176
  19.000   1.1001   0.10266   0.09836  -0.1112  0.0104  1.0000  -8.0034   0.0000   0.3176
  20.000   1.0819   0.11626   0.11231  -0.1135  0.0097  1.0000  -8.2436   0.0000   0.3191


