xflr5 v6.49

 Calculated polar for: Aerofoil58

 1 1 Reynolds number fixed          Mach number fixed         

 xtrf =   1.000 (top)        1.000 (bottom)
 Mach =   0.000     Re =     0.500 e 6     Ncrit =   5.000

  alpha     CL        CD       CDp       Cm    Top Xtr Bot Xtr   Cpmin    Chinge    XCp    
 ------- -------- --------- --------- -------- ------- ------- -------- --------- ---------
 -20.000  -0.3483   0.17713   0.17468   0.0086  1.0000  0.0092  -1.8308   0.0000   0.2334
 -18.000  -0.2195   0.14284   0.14068  -0.0155  1.0000  0.0097  -1.5810   0.0000   0.1439
 -17.000  -0.2060   0.13266   0.13046  -0.0246  0.9914  0.0103  -2.0501   0.0000   0.0930
 -16.000  -0.2705   0.12848   0.12611  -0.0192  0.9968  0.0108  -2.5171   0.0000   0.1419
 -15.000  -0.2321   0.11518   0.11280  -0.0323  0.9899  0.0118  -2.4613   0.0000   0.0714
 -14.000  -0.4483   0.05435   0.05172  -0.0442  0.9606  0.0141  -6.8404   0.0000   0.1318
 -13.000  -0.4947   0.02561   0.02201  -0.0720  0.9241  0.0143  -7.6280   0.0000   0.0899
 -12.000  -0.5152   0.02111   0.01686  -0.0607  0.8782  0.0148  -7.3061   0.0000   0.1199
 -11.000  -0.4748   0.01752   0.01270  -0.0589  0.8540  0.0161  -6.5529   0.0000   0.1144
 -10.000  -0.4037   0.01526   0.01002  -0.0624  0.8336  0.0184  -5.6862   0.0000   0.0836
  -9.000  -0.3212   0.01350   0.00791  -0.0680  0.8164  0.0212  -4.8250   0.0000   0.0254
  -8.000  -0.2340   0.01199   0.00615  -0.0745  0.8002  0.0267  -3.9764   0.0000  -0.0840
  -7.000  -0.1426   0.01080   0.00472  -0.0818  0.7824  0.0337  -3.1696   0.0000  -0.3453
  -6.000  -0.0481   0.00995   0.00374  -0.0898  0.7668  0.0463  -2.4417   0.0000  -1.6741
  -5.000   0.0476   0.00925   0.00295  -0.0980  0.7501  0.0710  -1.8300   0.0000   2.3557
  -4.000   0.1441   0.00865   0.00243  -0.1065  0.7331  0.1181  -1.2945   0.0000   1.0019
  -3.000   0.2408   0.00816   0.00209  -0.1151  0.7163  0.1993  -0.8637   0.0000   0.7336
  -2.000   0.3372   0.00776   0.00190  -0.1236  0.6979  0.3154  -0.7183   0.0000   0.6191
  -1.000   0.4333   0.00744   0.00192  -0.1321  0.6800  0.4542  -0.7837   0.0000   0.5554
   0.000   0.5277   0.00722   0.00204  -0.1400  0.6613  0.6092  -0.8529   0.0000   0.5144
   1.000   0.6168   0.00701   0.00227  -0.1462  0.6404  0.7989  -0.9243   0.0000   0.4849
   2.000   0.7278   0.00703   0.00253  -0.1585  0.6182  1.0000  -1.0167   0.0000   0.4645
   3.000   0.8157   0.00741   0.00288  -0.1647  0.5935  1.0000  -1.1046   0.0000   0.4476
   4.000   0.8999   0.00789   0.00332  -0.1700  0.5636  1.0000  -1.3486   0.0000   0.4335
   5.000   0.9585   0.00876   0.00396  -0.1686  0.4849  1.0000  -1.7221   0.0000   0.4193
   6.000   0.9825   0.01011   0.00502  -0.1584  0.3971  1.0000  -2.0607   0.0000   0.4036
   7.000   0.9827   0.01283   0.00725  -0.1443  0.2733  1.0000  -2.3837   0.0000   0.3880
   8.000   0.9813   0.01670   0.01056  -0.1323  0.1459  1.0000  -2.7080   0.0000   0.3747
   9.000   0.9977   0.02056   0.01413  -0.1255  0.0739  1.0000  -3.1058   0.0000   0.3644
  10.000   1.0249   0.02435   0.01790  -0.1218  0.0449  1.0000  -3.6262   0.0000   0.3562
  11.000   1.0557   0.02841   0.02205  -0.1197  0.0316  1.0000  -4.1951   0.0000   0.3493
  12.000   1.0837   0.03311   0.02693  -0.1180  0.0246  1.0000  -4.7710   0.0000   0.3434
  13.000   1.1066   0.03880   0.03279  -0.1166  0.0197  1.0000  -5.3351   0.0000   0.3384
  14.000   1.1280   0.04517   0.03937  -0.1161  0.0163  1.0000  -5.9077   0.0000   0.3343
  15.000   1.1405   0.05319   0.04767  -0.1157  0.0143  1.0000  -6.4436   0.0000   0.3312
  16.000   1.1527   0.06197   0.05677  -0.1166  0.0128  1.0000  -7.0483   0.0000   0.3291
  17.000   1.1580   0.07247   0.06759  -0.1183  0.0115  1.0000  -7.6013   0.0000   0.3282
  18.000   1.1499   0.08586   0.08131  -0.1208  0.0104  1.0000  -8.0047   0.0000   0.3290
  19.000   1.1439   0.09966   0.09551  -0.1249  0.0097  1.0000  -8.4030   0.0000   0.3310
  20.000   1.1351   0.11434   0.11059  -0.1302  0.0090  1.0000  -8.7375   0.0000   0.3343


