xflr5 v6.49

 Calculated polar for: Aerofoil17

 1 1 Reynolds number fixed          Mach number fixed         

 xtrf =   1.000 (top)        1.000 (bottom)
 Mach =   0.000     Re =     0.500 e 6     Ncrit =   5.000

  alpha     CL        CD       CDp       Cm    Top Xtr Bot Xtr   Cpmin    Chinge    XCp    
 ------- -------- --------- --------- -------- ------- ------- -------- --------- ---------
 -20.000  -0.4832   0.16673   0.16422   0.0337  1.0000  0.0100  -2.8914   0.0000   0.2904
 -19.000  -0.4692   0.15443   0.15194   0.0270  1.0000  0.0111  -3.0146   0.0000   0.2804
 -18.000  -0.6865   0.08774   0.08483   0.0148  1.0000  0.0136  -7.3061   0.0000   0.2527
 -17.000  -0.7648   0.06237   0.05902   0.0087  1.0000  0.0137  -8.0593   0.0000   0.2458
 -16.000  -0.8176   0.04456   0.04079   0.0052  1.0000  0.0141  -8.2981   0.0000   0.2435
 -15.000  -0.8479   0.03278   0.02860   0.0052  1.0000  0.0147  -8.1699   0.0000   0.2454
 -14.000  -0.8656   0.02605   0.02149   0.0108  0.9995  0.0153  -7.8226   0.0000   0.2533
 -13.000  -0.8293   0.02086   0.01591   0.0087  0.9853  0.0173  -7.1132   0.0000   0.2522
 -12.000  -0.7597   0.01802   0.01276   0.0040  0.9692  0.0198  -6.1698   0.0000   0.2476
 -11.000  -0.6837   0.01558   0.01004  -0.0008  0.9532  0.0230  -5.2980   0.0000   0.2417
 -10.000  -0.5826   0.01371   0.00796  -0.0114  0.9435  0.0291  -4.3961   0.0000   0.2233
  -9.000  -0.4985   0.01221   0.00630  -0.0169  0.9237  0.0374  -3.6261   0.0000   0.2091
  -8.000  -0.4118   0.01099   0.00502  -0.0228  0.9040  0.0535  -2.8928   0.0000   0.1874
  -7.000  -0.3223   0.00999   0.00397  -0.0293  0.8844  0.0809  -2.2837   0.0000   0.1514
  -6.000  -0.2333   0.00907   0.00313  -0.0356  0.8631  0.1326  -1.7323   0.0000   0.0884
  -5.000  -0.1441   0.00829   0.00255  -0.0419  0.8412  0.2099  -1.2875   0.0000  -0.0530
  -4.000  -0.0526   0.00766   0.00212  -0.0488  0.8191  0.3036  -0.9269   0.0000  -0.7037
  -3.000   0.0401   0.00719   0.00185  -0.0560  0.7955  0.3996  -0.6518   0.0000   1.6718
  -2.000   0.1335   0.00687   0.00171  -0.0632  0.7697  0.4906  -0.4603   0.0000   0.7284
  -1.000   0.2264   0.00664   0.00168  -0.0703  0.7404  0.5795  -0.5240   0.0000   0.5615
   0.000   0.3177   0.00650   0.00174  -0.0769  0.7052  0.6708  -0.6023   0.0000   0.4911
   1.000   0.4055   0.00646   0.00191  -0.0824  0.6593  0.7716  -0.7321   0.0000   0.4510
   2.000   0.4892   0.00668   0.00222  -0.0866  0.5848  0.8911  -0.9597   0.0000   0.4238
   3.000   0.6023   0.00778   0.00292  -0.0998  0.4422  0.9621  -1.3433   0.0000   0.4114
   4.000   0.6959   0.00974   0.00406  -0.1087  0.2461  0.9991  -1.7985   0.0000   0.4010
   5.000   0.7400   0.01126   0.00510  -0.1039  0.1363  1.0000  -2.2064   0.0000   0.3842
   6.000   0.7771   0.01256   0.00619  -0.0972  0.0822  1.0000  -2.6310   0.0000   0.3678
   7.000   0.8218   0.01401   0.00754  -0.0930  0.0540  1.0000  -3.1575   0.0000   0.3549
   8.000   0.8694   0.01560   0.00920  -0.0903  0.0396  1.0000  -3.7243   0.0000   0.3445
   9.000   0.9148   0.01758   0.01125  -0.0878  0.0306  1.0000  -4.3082   0.0000   0.3354
  10.000   0.9574   0.02000   0.01383  -0.0856  0.0249  1.0000  -4.9665   0.0000   0.3276
  11.000   0.9918   0.02329   0.01726  -0.0829  0.0208  1.0000  -5.6259   0.0000   0.3205
  12.000   1.0254   0.02698   0.02124  -0.0811  0.0186  1.0000  -6.3029   0.0000   0.3147
  13.000   1.0516   0.03171   0.02618  -0.0795  0.0162  1.0000  -6.9614   0.0000   0.3097
  14.000   1.0627   0.03835   0.03313  -0.0775  0.0146  1.0000  -7.5058   0.0000   0.3054
  15.000   1.0693   0.04633   0.04150  -0.0768  0.0135  1.0000  -8.0108   0.0000   0.3025
  16.000   1.0633   0.05680   0.05235  -0.0770  0.0126  1.0000  -8.3948   0.0000   0.3012
  17.000   1.0425   0.07041   0.06636  -0.0783  0.0120  1.0000  -8.6116   0.0000   0.3019
  18.000   1.0046   0.08780   0.08416  -0.0808  0.0115  1.0000  -8.5939   0.0000   0.3051
  19.000   0.9518   0.10895   0.10572  -0.0848  0.0112  1.0000  -8.2874   0.0000   0.3116
  20.000   0.8883   0.13459   0.13178  -0.0918  0.0110  1.0000  -7.5917   0.0000   0.3236


