xflr5 v6.49

 Calculated polar for: Aerofoil82

 1 1 Reynolds number fixed          Mach number fixed         

 xtrf =   1.000 (top)        1.000 (bottom)
 Mach =   0.000     Re =     0.500 e 6     Ncrit =   5.000

  alpha     CL        CD       CDp       Cm    Top Xtr Bot Xtr   Cpmin    Chinge    XCp    
 ------- -------- --------- --------- -------- ------- ------- -------- --------- ---------
 -18.000  -0.6570   0.06446   0.06126  -0.0092  1.0000  0.0190  -6.9866   0.0000   0.2207
 -17.000  -0.7243   0.04498   0.04139  -0.0137  1.0000  0.0193  -7.4147   0.0000   0.2196
 -16.000  -0.7556   0.03130   0.02733  -0.0182  0.9981  0.0201  -7.4274   0.0000   0.2170
 -15.000  -0.7160   0.02283   0.01838  -0.0300  0.9612  0.0215  -6.9211   0.0000   0.2003
 -14.000  -0.6676   0.01850   0.01360  -0.0337  0.9112  0.0236  -6.2977   0.0000   0.1921
 -13.000  -0.6161   0.01653   0.01129  -0.0324  0.8702  0.0268  -5.6197   0.0000   0.1902
 -12.000  -0.5472   0.01479   0.00920  -0.0343  0.8400  0.0299  -4.9002   0.0000   0.1798
 -11.000  -0.4677   0.01326   0.00743  -0.0384  0.8140  0.0355  -4.1644   0.0000   0.1597
 -10.000  -0.3808   0.01204   0.00602  -0.0441  0.7910  0.0437  -3.4996   0.0000   0.1248
  -9.000  -0.2894   0.01104   0.00486  -0.0507  0.7690  0.0549  -2.8789   0.0000   0.0631
  -8.000  -0.1955   0.01021   0.00392  -0.0579  0.7467  0.0742  -2.2878   0.0000  -0.0628
  -7.000  -0.0996   0.00951   0.00318  -0.0657  0.7241  0.1052  -1.7969   0.0000  -0.4397
  -6.000  -0.0024   0.00890   0.00264  -0.0739  0.7024  0.1536  -1.3582   0.0000  -31.9133
  -5.000   0.0954   0.00839   0.00226  -0.0823  0.6809  0.2229  -0.9947   0.0000   1.1382
  -4.000   0.1936   0.00803   0.00203  -0.0908  0.6589  0.3080  -0.7023   0.0000   0.7300
  -3.000   0.2917   0.00778   0.00195  -0.0994  0.6359  0.4006  -0.7257   0.0000   0.5963
  -2.000   0.3893   0.00767   0.00198  -0.1079  0.6118  0.4922  -0.8051   0.0000   0.5296
  -1.000   0.4861   0.00764   0.00213  -0.1162  0.5873  0.5815  -0.8918   0.0000   0.4894
   0.000   0.5810   0.00770   0.00238  -0.1241  0.5611  0.6713  -0.9862   0.0000   0.4621
   1.000   0.6722   0.00783   0.00273  -0.1310  0.5327  0.7687  -1.0920   0.0000   0.4418
   2.000   0.7575   0.00793   0.00316  -0.1361  0.5017  0.9202  -1.2190   0.0000   0.4251
   3.000   0.8552   0.00851   0.00364  -0.1454  0.4582  1.0000  -1.4645   0.0000   0.4139
   4.000   0.9279   0.00940   0.00435  -0.1482  0.3982  1.0000  -1.7810   0.0000   0.4021
   5.000   0.9740   0.01063   0.00536  -0.1444  0.3282  1.0000  -2.1067   0.0000   0.3892
   6.000   0.9974   0.01256   0.00699  -0.1359  0.2511  1.0000  -2.4136   0.0000   0.3757
   7.000   1.0138   0.01534   0.00948  -0.1276  0.1752  1.0000  -2.7364   0.0000   0.3638
   8.000   1.0301   0.01884   0.01278  -0.1210  0.1157  1.0000  -3.0660   0.0000   0.3538
   9.000   1.0517   0.02274   0.01661  -0.1169  0.0810  1.0000  -3.4563   0.0000   0.3457
  10.000   1.0729   0.02726   0.02116  -0.1139  0.0584  1.0000  -3.8671   0.0000   0.3390
  11.000   1.0943   0.03244   0.02643  -0.1122  0.0457  1.0000  -4.2876   0.0000   0.3336
  12.000   1.1127   0.03854   0.03267  -0.1114  0.0372  1.0000  -4.7019   0.0000   0.3292
  13.000   1.1286   0.04559   0.03992  -0.1114  0.0309  1.0000  -5.1310   0.0000   0.3259
  14.000   1.1369   0.05425   0.04878  -0.1120  0.0265  1.0000  -5.5529   0.0000   0.3237
  15.000   1.1457   0.06372   0.05855  -0.1139  0.0238  1.0000  -5.9779   0.0000   0.3225
  16.000   1.1450   0.07535   0.07042  -0.1165  0.0212  1.0000  -6.3349   0.0000   0.3227
  17.000   1.1401   0.08850   0.08388  -0.1202  0.0194  1.0000  -6.6424   0.0000   0.3242
  18.000   1.1371   0.10188   0.09760  -0.1252  0.0176  1.0000  -6.9499   0.0000   0.3266
  19.000   1.1276   0.11659   0.11260  -0.1309  0.0161  1.0000  -7.1765   0.0000   0.3302
  20.000   1.1107   0.13246   0.12873  -0.1373  0.0148  1.0000  -7.2882   0.0000   0.3354


