xflr5 v6.49

 Calculated polar for: Aerofoil27

 1 1 Reynolds number fixed          Mach number fixed         

 xtrf =   1.000 (top)        1.000 (bottom)
 Mach =   0.000     Re =     0.500 e 6     Ncrit =   5.000

  alpha     CL        CD       CDp       Cm    Top Xtr Bot Xtr   Cpmin    Chinge    XCp    
 ------- -------- --------- --------- -------- ------- ------- -------- --------- ---------
 -20.000  -0.4115   0.17366   0.17116   0.0145  0.9985  0.0121  -2.4546   0.0000   0.2422
 -19.000  -0.3982   0.15658   0.15407   0.0043  0.9964  0.0144  -2.8516   0.0000   0.2201
 -18.000  -0.6249   0.08904   0.08600  -0.0082  0.9940  0.0186  -6.5614   0.0000   0.2098
 -17.000  -0.6796   0.06555   0.06207  -0.0178  0.9892  0.0193  -7.0438   0.0000   0.2008
 -16.000  -0.7072   0.04821   0.04431  -0.0270  0.9822  0.0200  -7.1396   0.0000   0.1918
 -15.000  -0.7025   0.03583   0.03151  -0.0371  0.9755  0.0210  -6.9107   0.0000   0.1795
 -14.000  -0.7098   0.02698   0.02228  -0.0379  0.9618  0.0221  -6.6523   0.0000   0.1813
 -13.000  -0.6761   0.02154   0.01656  -0.0420  0.9501  0.0248  -6.1109   0.0000   0.1738
 -12.000  -0.6440   0.01876   0.01349  -0.0390  0.9359  0.0275  -5.5495   0.0000   0.1765
 -11.000  -0.5846   0.01625   0.01075  -0.0403  0.9233  0.0312  -4.8808   0.0000   0.1685
 -10.000  -0.4837   0.01433   0.00862  -0.0514  0.9175  0.0371  -4.0703   0.0000   0.1307
  -9.000  -0.4255   0.01306   0.00724  -0.0503  0.8988  0.0453  -3.5287   0.0000   0.1191
  -8.000  -0.3089   0.01158   0.00568  -0.0649  0.8914  0.0604  -2.8293   0.0000   0.0251
  -7.000  -0.2329   0.01068   0.00474  -0.0679  0.8730  0.0803  -2.3069   0.0000  -0.0584
  -6.000  -0.1215   0.00966   0.00376  -0.0807  0.8601  0.1198  -1.7803   0.0000  -0.4416
  -5.000  -0.0347   0.00893   0.00314  -0.0866  0.8399  0.1737  -1.3775   0.0000  -2.3241
  -4.000   0.0557   0.00828   0.00266  -0.0934  0.8190  0.2484  -1.0335   0.0000   1.9661
  -3.000   0.1497   0.00780   0.00232  -0.1012  0.7967  0.3327  -0.7493   0.0000   0.9357
  -2.000   0.2414   0.00747   0.00214  -0.1081  0.7715  0.4173  -0.6152   0.0000   0.7016
  -1.000   0.3294   0.00730   0.00208  -0.1140  0.7435  0.4949  -0.6770   0.0000   0.5968
   0.000   0.4114   0.00723   0.00213  -0.1181  0.7121  0.5671  -0.7428   0.0000   0.5360
   1.000   0.4840   0.00726   0.00224  -0.1196  0.6771  0.6350  -0.8127   0.0000   0.4946
   2.000   0.5550   0.00743   0.00250  -0.1208  0.6388  0.7036  -0.8960   0.0000   0.4638
   3.000   0.6187   0.00771   0.00290  -0.1200  0.5934  0.7802  -1.0035   0.0000   0.4390
   4.000   0.6733   0.00815   0.00354  -0.1168  0.5384  0.9101  -1.1678   0.0000   0.4174
   5.000   0.7644   0.00939   0.00453  -0.1247  0.4550  1.0000  -1.4600   0.0000   0.4062
   6.000   0.7982   0.01077   0.00558  -0.1175  0.3694  1.0000  -1.7147   0.0000   0.3891
   7.000   0.8299   0.01271   0.00713  -0.1106  0.2752  1.0000  -2.0077   0.0000   0.3741
   8.000   0.8635   0.01505   0.00913  -0.1052  0.1865  1.0000  -2.3368   0.0000   0.3615
   9.000   0.9000   0.01768   0.01150  -0.1013  0.1224  1.0000  -2.7117   0.0000   0.3511
  10.000   0.9391   0.02055   0.01427  -0.0988  0.0830  1.0000  -3.1180   0.0000   0.3426
  11.000   0.9779   0.02377   0.01748  -0.0971  0.0598  1.0000  -3.5849   0.0000   0.3353
  12.000   1.0142   0.02751   0.02129  -0.0957  0.0460  1.0000  -4.0596   0.0000   0.3291
  13.000   1.0466   0.03184   0.02574  -0.0946  0.0374  1.0000  -4.5335   0.0000   0.3237
  14.000   1.0733   0.03704   0.03113  -0.0936  0.0311  1.0000  -5.0018   0.0000   0.3190
  15.000   1.0909   0.04342   0.03770  -0.0923  0.0270  1.0000  -5.4831   0.0000   0.3148
  16.000   1.1046   0.05065   0.04521  -0.0917  0.0241  1.0000  -5.9506   0.0000   0.3115
  17.000   1.1030   0.05995   0.05475  -0.0907  0.0215  1.0000  -6.3238   0.0000   0.3089
  18.000   1.0966   0.07031   0.06542  -0.0903  0.0200  1.0000  -6.6546   0.0000   0.3072
  19.000   1.0848   0.08163   0.07707  -0.0906  0.0184  1.0000  -6.9382   0.0000   0.3063
  20.000   1.0642   0.09450   0.09024  -0.0914  0.0171  1.0000  -7.1328   0.0000   0.3067


