xflr5 v6.49

 Calculated polar for: Aerofoil42

 1 1 Reynolds number fixed          Mach number fixed         

 xtrf =   1.000 (top)        1.000 (bottom)
 Mach =   0.000     Re =     0.500 e 6     Ncrit =   5.000

  alpha     CL        CD       CDp       Cm    Top Xtr Bot Xtr   Cpmin    Chinge    XCp    
 ------- -------- --------- --------- -------- ------- ------- -------- --------- ---------
 -18.000  -0.1730   0.15333   0.15082  -0.0528  0.9692  0.0094  -1.7989   0.0000  -0.1412
 -17.000  -0.1516   0.13932   0.13681  -0.0613  0.9575  0.0101  -2.2379   0.0000  -0.2453
 -16.000  -0.1099   0.12905   0.12650  -0.0731  0.9496  0.0111  -2.0307   0.0000  -0.5315
 -15.000  -0.0770   0.11690   0.11431  -0.0838  0.9396  0.0121  -2.0533   0.0000  -0.9909
 -14.000  -0.0549   0.10234   0.09971  -0.0938  0.9271  0.0136  -2.2950   0.0000  -1.6575
 -13.000  -0.2902   0.03802   0.03464  -0.1138  0.9100  0.0155  -6.7250   0.0000  -0.1810
 -12.000  -0.3353   0.02279   0.01873  -0.1207  0.8742  0.0159  -7.0022   0.0000  -0.1390
 -11.000  -0.3589   0.01924   0.01475  -0.1073  0.8477  0.0167  -6.7296   0.0000  -0.0728
 -10.000  -0.3098   0.01678   0.01185  -0.1071  0.8308  0.0185  -6.0135   0.0000  -0.1197
  -9.000  -0.2407   0.01485   0.00950  -0.1104  0.8154  0.0208  -5.2138   0.0000  -0.2354
  -8.000  -0.1626   0.01311   0.00749  -0.1155  0.8022  0.0250  -4.4006   0.0000  -0.4942
  -7.000  -0.0780   0.01178   0.00588  -0.1217  0.7879  0.0298  -3.6061   0.0000  -1.3695
  -6.000   0.0120   0.01083   0.00473  -0.1290  0.7756  0.0385  -2.8727   0.0000  11.3584
  -5.000   0.1026   0.01005   0.00384  -0.1364  0.7615  0.0520  -2.2487   0.0000   1.6098
  -4.000   0.1962   0.00947   0.00319  -0.1444  0.7492  0.0772  -1.6592   0.0000   0.9984
  -3.000   0.2877   0.00898   0.00276  -0.1518  0.7351  0.1215  -1.1947   0.0000   0.7838
  -2.000   0.3812   0.00861   0.00248  -0.1598  0.7220  0.1940  -0.8388   0.0000   0.6719
  -1.000   0.4711   0.00832   0.00241  -0.1668  0.7081  0.2875  -0.8961   0.0000   0.6046
   0.000   0.5618   0.00815   0.00243  -0.1739  0.6939  0.3963  -0.9558   0.0000   0.5586
   1.000   0.6472   0.00804   0.00260  -0.1795  0.6789  0.5167  -1.0148   0.0000   0.5252
   2.000   0.7292   0.00794   0.00287  -0.1841  0.6645  0.6723  -1.0749   0.0000   0.4992
   3.000   0.8276   0.00780   0.00328  -0.1931  0.6482  1.0000  -1.1495   0.0000   0.4790
   4.000   0.8903   0.00817   0.00366  -0.1924  0.6316  1.0000  -1.2046   0.0000   0.4608
   5.000   0.9586   0.00865   0.00410  -0.1934  0.6132  1.0000  -1.2687   0.0000   0.4455
   6.000   1.0179   0.00927   0.00478  -0.1921  0.5927  1.0000  -1.4256   0.0000   0.4315
   7.000   1.0573   0.01022   0.00574  -0.1860  0.5551  1.0000  -1.7521   0.0000   0.4177
   8.000   1.0588   0.01242   0.00768  -0.1715  0.4723  1.0000  -2.0203   0.0000   0.4027
   9.000   1.0556   0.01590   0.01085  -0.1579  0.3808  1.0000  -2.3176   0.0000   0.3891
  10.000   1.0312   0.02172   0.01609  -0.1424  0.2453  1.0000  -2.5474   0.0000   0.3763
  11.000   1.0170   0.02840   0.02222  -0.1314  0.1181  1.0000  -2.8080   0.0000   0.3661
  12.000   1.0336   0.03377   0.02740  -0.1269  0.0644  1.0000  -3.2246   0.0000   0.3585
  13.000   1.0584   0.03895   0.03258  -0.1245  0.0407  1.0000  -3.7162   0.0000   0.3520
  14.000   1.0833   0.04443   0.03818  -0.1227  0.0300  1.0000  -4.2278   0.0000   0.3464
  15.000   1.1064   0.05046   0.04438  -0.1215  0.0236  1.0000  -4.7462   0.0000   0.3415
  16.000   1.1259   0.05724   0.05137  -0.1206  0.0192  1.0000  -5.2583   0.0000   0.3373
  17.000   1.1403   0.06509   0.05942  -0.1202  0.0161  1.0000  -5.7920   0.0000   0.3340
  18.000   1.1518   0.07378   0.06840  -0.1204  0.0144  1.0000  -6.3460   0.0000   0.3315
  19.000   1.1619   0.08317   0.07810  -0.1215  0.0128  1.0000  -6.8978   0.0000   0.3298
  20.000   1.1649   0.09394   0.08915  -0.1234  0.0115  1.0000  -7.3963   0.0000   0.3292


