xflr5 v6.49

 Calculated polar for: Aerofoil30

 1 1 Reynolds number fixed          Mach number fixed         

 xtrf =   1.000 (top)        1.000 (bottom)
 Mach =   0.000     Re =     0.500 e 6     Ncrit =   5.000

  alpha     CL        CD       CDp       Cm    Top Xtr Bot Xtr   Cpmin    Chinge    XCp    
 ------- -------- --------- --------- -------- ------- ------- -------- --------- ---------
 -20.000  -0.4675   0.19094   0.18846   0.0418  1.0000  0.0096  -1.6144   0.0000   0.3145
 -19.000  -0.4470   0.17829   0.17582   0.0349  1.0000  0.0065  -2.0091   0.0000   0.3048
 -18.000  -0.4230   0.16846   0.16600   0.0285  1.0000  0.0072  -1.9485   0.0000   0.2953
 -17.000  -0.4015   0.15752   0.15507   0.0223  1.0000  0.0082  -1.9867   0.0000   0.2846
 -16.000  -0.3839   0.14504   0.14262   0.0161  1.0000  0.0096  -2.1296   0.0000   0.2725
 -15.000  -0.3676   0.13338   0.13097   0.0111  1.0000  0.0090  -2.1364   0.0000   0.2619
 -14.000  -0.3594   0.11985   0.11748   0.0066  1.0000  0.0088  -2.4270   0.0000   0.2515
 -12.000  -0.6148   0.04279   0.04025  -0.0042  0.9990  0.0097  -8.2833   0.0000   0.2338
 -11.000  -0.6042   0.02394   0.02037  -0.0273  0.9744  0.0100  -8.2880   0.0000   0.1970
 -10.000  -0.5307   0.01768   0.01332  -0.0367  0.9548  0.0114  -7.2915   0.0000   0.1734
  -9.000  -0.4355   0.01494   0.01014  -0.0468  0.9373  0.0141  -6.0073   0.0000   0.1352
  -8.000  -0.3444   0.01238   0.00714  -0.0549  0.9154  0.0173  -4.8806   0.0000   0.0829
  -7.000  -0.2517   0.01080   0.00522  -0.0626  0.8923  0.0222  -3.8328   0.0000  -0.0073
  -6.000  -0.1566   0.00961   0.00387  -0.0708  0.8697  0.0327  -2.9583   0.0000  -0.2133
  -5.000  -0.0594   0.00872   0.00286  -0.0793  0.8473  0.0548  -2.1395   0.0000  -1.1077
  -4.000   0.0385   0.00798   0.00215  -0.0880  0.8245  0.1069  -1.4736   0.0000   2.5637
  -3.000   0.1369   0.00733   0.00170  -0.0969  0.8008  0.2073  -0.9446   0.0000   0.9641
  -2.000   0.2355   0.00688   0.00145  -0.1058  0.7756  0.3304  -0.5547   0.0000   0.7016
  -1.000   0.3339   0.00659   0.00139  -0.1146  0.7486  0.4538  -0.5506   0.0000   0.5936
   0.000   0.4317   0.00644   0.00148  -0.1231  0.7195  0.5703  -0.6198   0.0000   0.5344
   1.000   0.5280   0.00638   0.00167  -0.1311  0.6858  0.6890  -0.7000   0.0000   0.4967
   2.000   0.6175   0.00632   0.00195  -0.1369  0.6432  0.8443  -0.8636   0.0000   0.4694
   3.000   0.7087   0.00674   0.00225  -0.1435  0.5498  1.0000  -1.2572   0.0000   0.4493
   4.000   0.7857   0.00828   0.00305  -0.1470  0.3687  1.0000  -1.7627   0.0000   0.4330
   5.000   0.8493   0.01086   0.00460  -0.1478  0.1354  1.0000  -2.3448   0.0000   0.4191
   6.000   0.9181   0.01275   0.00611  -0.1496  0.0506  1.0000  -3.0481   0.0000   0.4072
   7.000   0.9836   0.01441   0.00774  -0.1505  0.0277  1.0000  -3.8688   0.0000   0.3964
   8.000   1.0331   0.01614   0.00962  -0.1475  0.0200  1.0000  -4.6452   0.0000   0.3852
   9.000   1.0751   0.01841   0.01203  -0.1436  0.0150  1.0000  -5.4240   0.0000   0.3750
  10.000   1.1143   0.02111   0.01501  -0.1401  0.0125  1.0000  -6.2433   0.0000   0.3660
  11.000   1.1417   0.02501   0.01916  -0.1355  0.0106  1.0000  -7.1137   0.0000   0.3579
  12.000   1.1639   0.02996   0.02447  -0.1315  0.0096  1.0000  -7.9478   0.0000   0.3510
  13.000   1.1829   0.03584   0.03077  -0.1288  0.0084  1.0000  -8.7893   0.0000   0.3455
  14.000   1.1951   0.04309   0.03839  -0.1271  0.0074  1.0000  -9.6129   0.0000   0.3415
  15.000   1.1890   0.05385   0.04961  -0.1262  0.0068  1.0000  -10.1957   0.0000   0.3397
  16.000   1.1579   0.07067   0.06700  -0.1276  0.0064  1.0000  -10.3648   0.0000   0.3420
  17.000   1.1053   0.09552   0.09249  -0.1343  0.0062  1.0000  -10.0496   0.0000   0.3513
  20.000   0.8942   0.21355   0.21142  -0.1774  0.0052  1.0000  -2.9641   0.0000   0.4236


