xflr5 v6.49

 Calculated polar for: Aerofoil45

 1 1 Reynolds number fixed          Mach number fixed         

 xtrf =   1.000 (top)        1.000 (bottom)
 Mach =   0.000     Re =     0.500 e 6     Ncrit =   5.000

  alpha     CL        CD       CDp       Cm    Top Xtr Bot Xtr   Cpmin    Chinge    XCp    
 ------- -------- --------- --------- -------- ------- ------- -------- --------- ---------
 -20.000  -0.7802   0.07999   0.07619   0.0104  1.0000  0.0229  -6.4486   0.0000   0.2407
 -19.000  -0.8137   0.06409   0.06002   0.0064  1.0000  0.0242  -6.4922   0.0000   0.2380
 -18.000  -0.8374   0.05086   0.04651   0.0037  1.0000  0.0256  -6.4077   0.0000   0.2369
 -17.000  -0.8496   0.04046   0.03583   0.0025  1.0000  0.0275  -6.2043   0.0000   0.2375
 -16.000  -0.8531   0.03250   0.02759   0.0032  1.0000  0.0292  -5.9171   0.0000   0.2401
 -15.000  -0.8414   0.02532   0.02021   0.0018  0.9965  0.0326  -5.5498   0.0000   0.2399
 -14.000  -0.7833   0.02068   0.01532  -0.0056  0.9644  0.0368  -4.9595   0.0000   0.2315
 -13.000  -0.6997   0.01703   0.01147  -0.0169  0.9392  0.0446  -4.2851   0.0000   0.2147
 -12.000  -0.6546   0.01488   0.00909  -0.0154  0.8972  0.0534  -3.8236   0.0000   0.2160
 -11.000  -0.6228   0.01358   0.00757  -0.0084  0.8653  0.0633  -3.4140   0.0000   0.2267
 -10.000  -0.5695   0.01254   0.00641  -0.0060  0.8413  0.0801  -2.9511   0.0000   0.2299
  -9.000  -0.4997   0.01149   0.00534  -0.0076  0.8211  0.1061  -2.4946   0.0000   0.2252
  -8.000  -0.4218   0.01054   0.00441  -0.0111  0.8026  0.1452  -2.0622   0.0000   0.2136
  -7.000  -0.3382   0.00968   0.00366  -0.0161  0.7838  0.1988  -1.6774   0.0000   0.1917
  -6.000  -0.2503   0.00897   0.00308  -0.0220  0.7659  0.2612  -1.3390   0.0000   0.1494
  -5.000  -0.1593   0.00843   0.00264  -0.0287  0.7475  0.3271  -1.0558   0.0000   0.0530
  -4.000  -0.0660   0.00801   0.00235  -0.0360  0.7278  0.3892  -0.8293   0.0000  -0.3281
  -3.000   0.0289   0.00772   0.00218  -0.0437  0.7081  0.4479  -0.6527   0.0000   1.8147
  -2.000   0.1247   0.00755   0.00210  -0.0515  0.6870  0.5027  -0.5774   0.0000   0.6717
  -1.000   0.2203   0.00747   0.00210  -0.0594  0.6634  0.5557  -0.6476   0.0000   0.5214
   0.000   0.3146   0.00743   0.00219  -0.0669  0.6365  0.6079  -0.7293   0.0000   0.4616
   1.000   0.4070   0.00749   0.00237  -0.0740  0.6029  0.6590  -0.8440   0.0000   0.4288
   2.000   0.4933   0.00769   0.00262  -0.0795  0.5547  0.7133  -1.0271   0.0000   0.4066
   3.000   0.5682   0.00809   0.00304  -0.0821  0.4862  0.7720  -1.2610   0.0000   0.3886
   4.000   0.6200   0.00878   0.00368  -0.0787  0.3996  0.8465  -1.5088   0.0000   0.3697
   5.000   0.6853   0.01046   0.00510  -0.0802  0.2797  0.9530  -1.8263   0.0000   0.3586
   6.000   0.7593   0.01280   0.00699  -0.0857  0.1738  1.0000  -2.2111   0.0000   0.3532
   7.000   0.7899   0.01476   0.00874  -0.0797  0.1222  1.0000  -2.5235   0.0000   0.3399
   8.000   0.8277   0.01700   0.01089  -0.0764  0.0900  1.0000  -2.8962   0.0000   0.3299
   9.000   0.8681   0.01954   0.01339  -0.0745  0.0682  1.0000  -3.3030   0.0000   0.3221
  10.000   0.9072   0.02255   0.01644  -0.0733  0.0550  1.0000  -3.7193   0.0000   0.3155
  11.000   0.9435   0.02608   0.02003  -0.0725  0.0450  1.0000  -4.1642   0.0000   0.3100
  12.000   0.9780   0.03015   0.02426  -0.0722  0.0387  1.0000  -4.6399   0.0000   0.3055
  13.000   1.0037   0.03533   0.02959  -0.0717  0.0340  1.0000  -5.0857   0.0000   0.3014
  14.000   1.0275   0.04115   0.03561  -0.0719  0.0302  1.0000  -5.5315   0.0000   0.2982
  15.000   1.0384   0.04874   0.04339  -0.0719  0.0269  1.0000  -5.9116   0.0000   0.2956
  16.000   1.0479   0.05707   0.05201  -0.0728  0.0249  1.0000  -6.2796   0.0000   0.2938
  17.000   1.0459   0.06725   0.06246  -0.0738  0.0230  1.0000  -6.5729   0.0000   0.2928
  18.000   1.0281   0.08011   0.07560  -0.0750  0.0214  1.0000  -6.7812   0.0000   0.2931
  19.000   1.0035   0.09444   0.09024  -0.0769  0.0202  1.0000  -6.9042   0.0000   0.2945
  20.000   0.9793   0.10916   0.10530  -0.0799  0.0195  1.0000  -6.9885   0.0000   0.2971


