xflr5 v6.49

 Calculated polar for: Aerofoil13

 1 1 Reynolds number fixed          Mach number fixed         

 xtrf =   1.000 (top)        1.000 (bottom)
 Mach =   0.000     Re =     0.500 e 6     Ncrit =   5.000

  alpha     CL        CD       CDp       Cm    Top Xtr Bot Xtr   Cpmin    Chinge    XCp    
 ------- -------- --------- --------- -------- ------- ------- -------- --------- ---------
 -20.000  -0.4317   0.18665   0.18415   0.0288  1.0000  0.0080  -1.9156   0.0000   0.2861
 -19.000  -0.4096   0.17585   0.17337   0.0220  1.0000  0.0088  -1.9615   0.0000   0.2746
 -18.000  -0.3906   0.16419   0.16171   0.0157  1.0000  0.0093  -2.0524   0.0000   0.2626
 -17.000  -0.3747   0.15236   0.14991   0.0103  1.0000  0.0090  -2.1583   0.0000   0.2514
 -14.000  -0.5738   0.06769   0.06515  -0.0031  0.9999  0.0125  -7.1543   0.0000   0.2289
 -13.000  -0.6525   0.03612   0.03291  -0.0231  0.9880  0.0124  -8.3235   0.0000   0.2021
 -12.000  -0.6420   0.02368   0.01984  -0.0371  0.9608  0.0134  -7.9872   0.0000   0.1815
 -11.000  -0.5622   0.01900   0.01455  -0.0483  0.9461  0.0150  -6.9325   0.0000   0.1538
 -10.000  -0.4914   0.01558   0.01071  -0.0536  0.9237  0.0175  -5.9577   0.0000   0.1309
  -9.000  -0.4067   0.01357   0.00834  -0.0603  0.9042  0.0207  -5.0035   0.0000   0.0917
  -8.000  -0.3168   0.01190   0.00640  -0.0678  0.8857  0.0267  -4.1197   0.0000   0.0253
  -7.000  -0.2238   0.01060   0.00486  -0.0757  0.8668  0.0350  -3.2836   0.0000  -0.1006
  -6.000  -0.1282   0.00959   0.00376  -0.0840  0.8490  0.0519  -2.4958   0.0000  -0.4237
  -5.000  -0.0306   0.00878   0.00290  -0.0928  0.8311  0.0848  -1.8671   0.0000  -2.8444
  -4.000   0.0675   0.00810   0.00228  -0.1016  0.8116  0.1441  -1.3178   0.0000   1.7778
  -3.000   0.1661   0.00755   0.00192  -0.1106  0.7922  0.2293  -0.8863   0.0000   0.9225
  -2.000   0.2651   0.00719   0.00171  -0.1196  0.7719  0.3211  -0.5632   0.0000   0.7036
  -1.000   0.3639   0.00700   0.00163  -0.1284  0.7497  0.4091  -0.6114   0.0000   0.6034
   1.000   0.5588   0.00687   0.00186  -0.1452  0.6984  0.5809  -0.7502   0.0000   0.5081
   2.000   0.6534   0.00692   0.00215  -0.1527  0.6659  0.6746  -0.8533   0.0000   0.4811
   3.000   0.7400   0.00704   0.00251  -0.1580  0.6076  0.8012  -1.1411   0.0000   0.4600
   4.000   0.8159   0.00772   0.00299  -0.1604  0.4887  1.0000  -1.5300   0.0000   0.4422
   5.000   0.8700   0.00972   0.00418  -0.1581  0.2997  1.0000  -1.9526   0.0000   0.4265
   6.000   0.9058   0.01202   0.00573  -0.1515  0.1369  1.0000  -2.3995   0.0000   0.4112
   7.000   0.9493   0.01395   0.00738  -0.1471  0.0681  1.0000  -2.9137   0.0000   0.3980
   8.000   0.9975   0.01584   0.00922  -0.1445  0.0424  1.0000  -3.5026   0.0000   0.3869
   9.000   1.0430   0.01805   0.01149  -0.1418  0.0291  1.0000  -4.1811   0.0000   0.3771
  10.000   1.0857   0.02066   0.01423  -0.1393  0.0228  1.0000  -4.8816   0.0000   0.3683
  11.000   1.1234   0.02388   0.01767  -0.1367  0.0186  1.0000  -5.5848   0.0000   0.3605
  12.000   1.1518   0.02814   0.02211  -0.1335  0.0152  1.0000  -6.2549   0.0000   0.3535
  13.000   1.1797   0.03295   0.02724  -0.1314  0.0136  1.0000  -6.9346   0.0000   0.3477
  14.000   1.2005   0.03901   0.03360  -0.1295  0.0120  1.0000  -7.6310   0.0000   0.3428
  15.000   1.2085   0.04724   0.04215  -0.1279  0.0108  1.0000  -8.2819   0.0000   0.3392
  16.000   1.2039   0.05833   0.05367  -0.1274  0.0101  1.0000  -8.7852   0.0000   0.3375
  17.000   1.1985   0.07114   0.06695  -0.1293  0.0095  1.0000  -9.2658   0.0000   0.3378
  18.000   1.1805   0.08777   0.08407  -0.1336  0.0089  1.0000  -9.5605   0.0000   0.3410
  19.000   1.1490   0.10870   0.10551  -0.1409  0.0084  1.0000  -9.5842   0.0000   0.3483
  20.000   1.1011   0.13450   0.13182  -0.1513  0.0081  1.0000  -9.1591   0.0000   0.3608


