xflr5 v6.49

 Calculated polar for: Aerofoil31

 1 1 Reynolds number fixed          Mach number fixed         

 xtrf =   1.000 (top)        1.000 (bottom)
 Mach =   0.000     Re =     0.500 e 6     Ncrit =   5.000

  alpha     CL        CD       CDp       Cm    Top Xtr Bot Xtr   Cpmin    Chinge    XCp    
 ------- -------- --------- --------- -------- ------- ------- -------- --------- ---------
 -20.000  -0.2836   0.16020   0.15771  -0.0222  0.9888  0.0095  -2.0108   0.0000   0.1128
 -19.000  -0.2629   0.14366   0.14117  -0.0333  0.9831  0.0104  -2.5978   0.0000   0.0654
 -18.000  -0.2269   0.13232   0.12980  -0.0450  0.9763  0.0114  -2.4612   0.0000  -0.0101
 -17.000  -0.2130   0.11985   0.11733  -0.0513  0.9676  0.0124  -2.5743   0.0000  -0.0511
 -16.000  -0.5373   0.04371   0.04045  -0.0620  0.9556  0.0142  -7.7809   0.0000   0.1155
 -15.000  -0.5506   0.02875   0.02480  -0.0730  0.9459  0.0148  -7.7017   0.0000   0.1018
 -14.000  -0.5382   0.02311   0.01863  -0.0715  0.9271  0.0154  -7.1774   0.0000   0.1033
 -13.000  -0.4703   0.01840   0.01343  -0.0796  0.9170  0.0174  -6.3079   0.0000   0.0666
 -12.000  -0.4274   0.01632   0.01102  -0.0764  0.8963  0.0194  -5.6333   0.0000   0.0575
 -11.000  -0.3820   0.01479   0.00914  -0.0724  0.8770  0.0214  -4.9791   0.0000   0.0466
 -10.000  -0.3165   0.01330   0.00740  -0.0734  0.8610  0.0262  -4.2493   0.0000   0.0030
  -9.000  -0.2574   0.01220   0.00610  -0.0721  0.8441  0.0309  -3.5881   0.0000  -0.0468
  -8.000  -0.1803   0.01125   0.00500  -0.0755  0.8295  0.0395  -2.8878   0.0000  -0.1899
  -7.000  -0.1052   0.01049   0.00416  -0.0782  0.8140  0.0536  -2.3092   0.0000  -0.5258
  -6.000  -0.0242   0.00985   0.00348  -0.0825  0.7996  0.0794  -1.7699   0.0000  -3.2849
  -5.000   0.0559   0.00924   0.00295  -0.0866  0.7833  0.1276  -1.3081   0.0000   1.8465
  -4.000   0.1338   0.00869   0.00262  -0.0901  0.7681  0.2140  -0.9269   0.0000   0.9398
  -3.000   0.2133   0.00806   0.00233  -0.0942  0.7515  0.3619  -0.6548   0.0000   0.6994
  -2.000   0.2729   0.00734   0.00226  -0.0926  0.7340  0.5837  -0.6920   0.0000   0.5934
  -1.000   0.3611   0.00684   0.00251  -0.0985  0.7173  0.8586  -0.7485   0.0000   0.5241
   0.000   0.5164   0.00739   0.00305  -0.1236  0.6993  0.9226  -0.8469   0.0000   0.4886
   1.000   0.6262   0.00793   0.00358  -0.1359  0.6788  0.9479  -0.9269   0.0000   0.4648
   2.000   0.7168   0.00840   0.00403  -0.1431  0.6548  0.9717  -1.0050   0.0000   0.4460
   3.000   0.8185   0.00873   0.00437  -0.1539  0.6243  0.9873  -1.1898   0.0000   0.4330
   4.000   0.8895   0.00950   0.00494  -0.1564  0.5506  0.9992  -1.5324   0.0000   0.4195
   5.000   0.8912   0.01082   0.00600  -0.1407  0.4688  1.0000  -1.7820   0.0000   0.4002
   6.000   0.8851   0.01324   0.00800  -0.1243  0.3616  1.0000  -2.0351   0.0000   0.3814
   7.000   0.8836   0.01685   0.01105  -0.1114  0.2238  1.0000  -2.3212   0.0000   0.3655
   8.000   0.8969   0.02076   0.01450  -0.1034  0.1177  1.0000  -2.6894   0.0000   0.3532
   9.000   0.9250   0.02437   0.01793  -0.0994  0.0652  1.0000  -3.1267   0.0000   0.3439
  10.000   0.9593   0.02800   0.02156  -0.0974  0.0434  1.0000  -3.6216   0.0000   0.3365
  11.000   0.9935   0.03193   0.02561  -0.0961  0.0316  1.0000  -4.1973   0.0000   0.3301
  12.000   1.0237   0.03650   0.03033  -0.0949  0.0252  1.0000  -4.7736   0.0000   0.3244
  13.000   1.0458   0.04212   0.03611  -0.0933  0.0205  1.0000  -5.3219   0.0000   0.3192
  14.000   1.0696   0.04797   0.04223  -0.0928  0.0176  1.0000  -5.9011   0.0000   0.3149
  15.000   1.0805   0.05555   0.05002  -0.0917  0.0151  1.0000  -6.4037   0.0000   0.3111
  16.000   1.0881   0.06403   0.05884  -0.0914  0.0139  1.0000  -6.8806   0.0000   0.3082
  17.000   1.0902   0.07370   0.06884  -0.0916  0.0126  1.0000  -7.3600   0.0000   0.3062
  18.000   1.0848   0.08494   0.08041  -0.0925  0.0116  1.0000  -7.8007   0.0000   0.3053
  19.000   1.0688   0.09833   0.09414  -0.0943  0.0108  1.0000  -8.1156   0.0000   0.3060
  20.000   1.0419   0.11403   0.11020  -0.0972  0.0100  1.0000  -8.2491   0.0000   0.3085


