xflr5 v6.49

 Calculated polar for: Aerofoil98

 1 1 Reynolds number fixed          Mach number fixed         

 xtrf =   1.000 (top)        1.000 (bottom)
 Mach =   0.000     Re =     0.500 e 6     Ncrit =   5.000

  alpha     CL        CD       CDp       Cm    Top Xtr Bot Xtr   Cpmin    Chinge    XCp    
 ------- -------- --------- --------- -------- ------- ------- -------- --------- ---------
 -20.000  -0.3389   0.16585   0.16338  -0.0089  0.9881  0.0089  -2.0313   0.0000   0.1773
 -19.000  -0.3125   0.15261   0.15012  -0.0191  0.9838  0.0094  -2.1423   0.0000   0.1435
 -18.000  -0.2921   0.13801   0.13552  -0.0286  0.9798  0.0094  -2.4051   0.0000   0.1081
 -16.000  -0.5817   0.04351   0.04018  -0.0553  0.9727  0.0109  -8.5208   0.0000   0.1396
 -15.000  -0.6406   0.03112   0.02727  -0.0495  0.9562  0.0111  -8.6566   0.0000   0.1613
 -14.000  -0.6224   0.02495   0.02058  -0.0494  0.9481  0.0119  -8.0319   0.0000   0.1605
 -13.000  -0.6026   0.02171   0.01695  -0.0428  0.9352  0.0131  -7.3284   0.0000   0.1700
 -12.000  -0.5517   0.01905   0.01386  -0.0417  0.9240  0.0150  -6.4363   0.0000   0.1658
 -11.000  -0.4811   0.01614   0.01058  -0.0451  0.9170  0.0173  -5.4925   0.0000   0.1475
 -10.000  -0.4452   0.01479   0.00899  -0.0377  0.8993  0.0198  -4.7482   0.0000   0.1571
  -9.000  -0.3513   0.01298   0.00695  -0.0460  0.8918  0.0252  -3.8704   0.0000   0.1096
  -8.000  -0.2926   0.01198   0.00582  -0.0442  0.8761  0.0321  -3.2057   0.0000   0.0889
  -7.000  -0.1964   0.01088   0.00460  -0.0528  0.8660  0.0467  -2.4378   0.0000  -0.0321
  -6.000  -0.1224   0.01011   0.00385  -0.0552  0.8519  0.0747  -1.8530   0.0000  -0.2196
  -5.000  -0.0323   0.00925   0.00315  -0.0620  0.8383  0.1422  -1.3126   0.0000  -1.7311
  -4.000   0.0341   0.00854   0.00277  -0.0623  0.8215  0.2609  -0.9310   0.0000   2.1269
  -3.000   0.1228   0.00750   0.00233  -0.0691  0.8063  0.4896  -0.5895   0.0000   0.8235
  -2.000   0.1592   0.00662   0.00235  -0.0604  0.7851  0.7678  -0.5478   0.0000   0.6348
   1.000   0.5712   0.00798   0.00385  -0.1204  0.7261  0.9469  -0.7984   0.0000   0.4588
   2.000   0.6456   0.00844   0.00428  -0.1229  0.6924  0.9667  -0.9744   0.0000   0.4371
   3.000   0.7248   0.00908   0.00462  -0.1274  0.5902  0.9802  -1.3406   0.0000   0.4212
   4.000   0.7681   0.01076   0.00575  -0.1230  0.4367  0.9959  -1.7195   0.0000   0.4042
   5.000   0.7796   0.01359   0.00773  -0.1114  0.2366  1.0000  -2.0581   0.0000   0.3857
   6.000   0.7908   0.01607   0.00967  -0.1000  0.1109  1.0000  -2.4360   0.0000   0.3680
   7.000   0.8218   0.01826   0.01168  -0.0941  0.0573  1.0000  -2.9042   0.0000   0.3546
   8.000   0.8606   0.02050   0.01391  -0.0905  0.0364  1.0000  -3.4777   0.0000   0.3440
   9.000   0.9008   0.02305   0.01656  -0.0881  0.0263  1.0000  -4.1247   0.0000   0.3352
  10.000   0.9367   0.02621   0.01986  -0.0856  0.0205  1.0000  -4.7783   0.0000   0.3273
  11.000   0.9731   0.02964   0.02350  -0.0839  0.0169  1.0000  -5.4731   0.0000   0.3207
  12.000   0.9988   0.03422   0.02830  -0.0814  0.0142  1.0000  -6.1129   0.0000   0.3143
  13.000   1.0230   0.03936   0.03375  -0.0796  0.0126  1.0000  -6.7553   0.0000   0.3089
  14.000   1.0399   0.04560   0.04027  -0.0780  0.0112  1.0000  -7.4190   0.0000   0.3042
  15.000   1.0383   0.05441   0.04943  -0.0755  0.0100  1.0000  -7.9582   0.0000   0.3001
  16.000   1.0358   0.06427   0.05971  -0.0748  0.0096  1.0000  -8.4786   0.0000   0.2975
  17.000   1.0234   0.07644   0.07232  -0.0753  0.0090  1.0000  -8.8738   0.0000   0.2966
  18.000   0.9978   0.09186   0.08822  -0.0773  0.0085  1.0000  -9.0729   0.0000   0.2983
  19.000   0.9581   0.11124   0.10807  -0.0817  0.0081  1.0000  -8.9840   0.0000   0.3036
  20.000   0.8974   0.13693   0.13426  -0.0891  0.0079  1.0000  -8.3278   0.0000   0.3151


