xflr5 v6.49

 Calculated polar for: Aerofoil51

 1 1 Reynolds number fixed          Mach number fixed         

 xtrf =   1.000 (top)        1.000 (bottom)
 Mach =   0.000     Re =     0.500 e 6     Ncrit =   5.000

  alpha     CL        CD       CDp       Cm    Top Xtr Bot Xtr   Cpmin    Chinge    XCp    
 ------- -------- --------- --------- -------- ------- ------- -------- --------- ---------
 -20.000  -0.3284   0.17492   0.17257   0.0016  1.0000  0.0073  -1.4417   0.0000   0.2134
 -19.000  -0.3089   0.16572   0.16340  -0.0034  1.0000  0.0081  -1.4461   0.0000   0.1987
 -18.000  -0.2752   0.15336   0.15105  -0.0143  0.9980  0.0099  -1.5922   0.0000   0.1568
 -17.000  -0.2367   0.13893   0.13660  -0.0272  0.9928  0.0072  -1.7979   0.0000   0.0914
 -16.000  -0.2042   0.12630   0.12396  -0.0374  0.9691  0.0083  -1.8586   0.0000   0.0201
 -14.000  -0.1303   0.09796   0.09555  -0.0639  0.9414  0.0092  -2.0114   0.0000  -0.3023
 -13.000  -0.0877   0.08132   0.07884  -0.0822  0.9279  0.0088  -2.3409   0.0000  -0.7712
 -12.000  -0.1013   0.05721   0.05466  -0.0979  0.8994  0.0097  -3.9259   0.0000  -0.7792
 -11.000  -0.3293   0.02667   0.02344  -0.0774  0.8406  0.0085  -6.9273   0.0000   0.0023
 -10.000  -0.3162   0.01885   0.01441  -0.0721  0.8215  0.0097  -6.7262   0.0000   0.0110
  -9.000  -0.2494   0.01475   0.00944  -0.0749  0.8055  0.0110  -5.8340   0.0000  -0.0630
  -8.000  -0.1639   0.01290   0.00725  -0.0813  0.7922  0.0140  -4.6639   0.0000  -0.2636
  -7.000  -0.0764   0.01105   0.00498  -0.0878  0.7780  0.0179  -3.6265   0.0000  -0.9336
  -6.000   0.0159   0.00993   0.00369  -0.0954  0.7649  0.0261  -2.6735   0.0000   6.4021
  -5.000   0.1103   0.00915   0.00275  -0.1035  0.7513  0.0446  -1.8941   0.0000   1.2081
  -4.000   0.2050   0.00848   0.00221  -0.1119  0.7378  0.1069  -1.1943   0.0000   0.8048
  -3.000   0.2992   0.00777   0.00187  -0.1203  0.7238  0.2823  -0.6937   0.0000   0.6572
  -2.000   0.3912   0.00704   0.00186  -0.1282  0.7104  0.5574  -0.7494   0.0000   0.5805
  -1.000   0.4788   0.00654   0.00195  -0.1342  0.6949  0.8241  -0.8054   0.0000   0.5313
   0.000   0.6071   0.00652   0.00213  -0.1517  0.6812  0.9881  -0.8871   0.0000   0.4994
   1.000   0.7077   0.00679   0.00233  -0.1619  0.6655  1.0000  -0.9566   0.0000   0.4771
   2.000   0.7918   0.00708   0.00267  -0.1675  0.6482  1.0000  -1.0203   0.0000   0.4586
   3.000   0.8752   0.00744   0.00313  -0.1730  0.6250  1.0000  -1.4435   0.0000   0.4435
   4.000   0.9313   0.00818   0.00363  -0.1709  0.5371  1.0000  -1.9992   0.0000   0.4281
   5.000   0.9001   0.01065   0.00534  -0.1468  0.3575  1.0000  -2.3005   0.0000   0.4065
   6.000   0.8539   0.01579   0.00932  -0.1236  0.0983  1.0000  -2.5224   0.0000   0.3869
   7.000   0.8777   0.01907   0.01239  -0.1178  0.0338  1.0000  -3.0877   0.0000   0.3750
   8.000   0.9134   0.02217   0.01556  -0.1151  0.0201  1.0000  -3.7387   0.0000   0.3655
   9.000   0.9472   0.02572   0.01927  -0.1129  0.0142  1.0000  -4.4709   0.0000   0.3572
  10.000   0.9790   0.02981   0.02359  -0.1110  0.0112  1.0000  -5.3135   0.0000   0.3500
  11.000   1.0016   0.03508   0.02911  -0.1084  0.0094  1.0000  -6.0816   0.0000   0.3434
  12.000   1.0320   0.04015   0.03446  -0.1080  0.0076  1.0000  -6.9885   0.0000   0.3382
  13.000   1.0555   0.04637   0.04096  -0.1075  0.0065  1.0000  -7.8613   0.0000   0.3337
  14.000   1.0715   0.05416   0.04919  -0.1069  0.0059  1.0000  -8.6005   0.0000   0.3300
  15.000   1.0824   0.06334   0.05889  -0.1073  0.0054  1.0000  -9.3001   0.0000   0.3276
  16.000   1.0747   0.07611   0.07226  -0.1081  0.0049  1.0000  -9.7240   0.0000   0.3271
  17.000   1.0431   0.09414   0.09095  -0.1105  0.0046  1.0000  -9.7606   0.0000   0.3304
  18.000   0.9833   0.12016   0.11764  -0.1171  0.0045  1.0000  -9.1628   0.0000   0.3415
  20.000   0.8199   0.20418   0.20192  -0.1394  0.0050  1.0000  -2.9031   0.0000   0.3907


