xflr5 v6.49

 Calculated polar for: Aerofoil57

 1 1 Reynolds number fixed          Mach number fixed         

 xtrf =   1.000 (top)        1.000 (bottom)
 Mach =   0.000     Re =     0.500 e 6     Ncrit =   5.000

  alpha     CL        CD       CDp       Cm    Top Xtr Bot Xtr   Cpmin    Chinge    XCp    
 ------- -------- --------- --------- -------- ------- ------- -------- --------- ---------
 -19.000  -0.6966   0.08601   0.08275   0.0123  1.0000  0.0218  -6.4192   0.0000   0.2502
 -18.000  -0.7533   0.06541   0.06184   0.0066  1.0000  0.0225  -6.8168   0.0000   0.2445
 -17.000  -0.8175   0.04684   0.04295   0.0033  1.0000  0.0233  -7.1372   0.0000   0.2428
 -16.000  -0.8686   0.03230   0.02806   0.0025  1.0000  0.0241  -7.2371   0.0000   0.2440
 -15.000  -0.9108   0.02390   0.01934   0.0091  0.9992  0.0252  -7.1439   0.0000   0.2529
 -14.000  -0.8430   0.02018   0.01527   0.0028  0.9859  0.0281  -6.4027   0.0000   0.2466
 -13.000  -0.7486   0.01717   0.01200  -0.0076  0.9734  0.0319  -5.5654   0.0000   0.2332
 -12.000  -0.6634   0.01515   0.00977  -0.0137  0.9557  0.0366  -4.8067   0.0000   0.2228
 -11.000  -0.5509   0.01327   0.00776  -0.0264  0.9455  0.0449  -4.0504   0.0000   0.1949
 -10.000  -0.4516   0.01182   0.00619  -0.0352  0.9231  0.0547  -3.3835   0.0000   0.1641
  -9.000  -0.3483   0.01066   0.00493  -0.0447  0.8954  0.0700  -2.7573   0.0000   0.1121
  -8.000  -0.2499   0.00975   0.00392  -0.0529  0.8597  0.0924  -2.2373   0.0000   0.0265
  -7.000  -0.1550   0.00907   0.00317  -0.0600  0.8186  0.1230  -1.7776   0.0000  -0.1548
  -6.000  -0.0599   0.00853   0.00259  -0.0672  0.7766  0.1655  -1.3832   0.0000  -0.9145
  -5.000   0.0356   0.00815   0.00220  -0.0746  0.7340  0.2169  -1.0564   0.0000   2.4073
  -4.000   0.1308   0.00790   0.00195  -0.0819  0.6916  0.2785  -0.7897   0.0000   0.8900
  -3.000   0.2261   0.00774   0.00184  -0.0894  0.6486  0.3448  -0.6213   0.0000   0.6511
  -2.000   0.3208   0.00772   0.00185  -0.0967  0.6058  0.4136  -0.7131   0.0000   0.5538
  -1.000   0.4139   0.00780   0.00197  -0.1037  0.5610  0.4872  -0.8172   0.0000   0.5006
   0.000   0.5061   0.00794   0.00221  -0.1105  0.5154  0.5644  -0.9395   0.0000   0.4667
   1.000   0.5953   0.00820   0.00255  -0.1166  0.4672  0.6523  -1.0866   0.0000   0.4428
   2.000   0.6787   0.00848   0.00303  -0.1212  0.4151  0.7664  -1.2709   0.0000   0.4241
   3.000   0.7707   0.00893   0.00363  -0.1283  0.3556  1.0000  -1.5277   0.0000   0.4105
   4.000   0.8446   0.00990   0.00436  -0.1309  0.2931  1.0000  -1.8247   0.0000   0.3978
   5.000   0.9081   0.01106   0.00526  -0.1312  0.2314  1.0000  -2.1587   0.0000   0.3859
   6.000   0.9581   0.01242   0.00642  -0.1282  0.1760  1.0000  -2.5137   0.0000   0.3739
   7.000   1.0038   0.01406   0.00791  -0.1248  0.1308  1.0000  -2.8875   0.0000   0.3631
   8.000   1.0433   0.01604   0.00983  -0.1209  0.0986  1.0000  -3.3010   0.0000   0.3532
   9.000   1.0776   0.01851   0.01228  -0.1169  0.0749  1.0000  -3.7122   0.0000   0.3442
  10.000   1.1081   0.02153   0.01539  -0.1133  0.0604  1.0000  -4.1340   0.0000   0.3365
  11.000   1.1314   0.02549   0.01947  -0.1099  0.0491  1.0000  -4.5747   0.0000   0.3297
  12.000   1.1483   0.03062   0.02477  -0.1071  0.0418  1.0000  -4.9925   0.0000   0.3241
  13.000   1.1595   0.03705   0.03140  -0.1053  0.0364  1.0000  -5.3851   0.0000   0.3198
  14.000   1.1643   0.04513   0.03975  -0.1046  0.0323  1.0000  -5.7394   0.0000   0.3169
  15.000   1.1617   0.05517   0.05004  -0.1051  0.0286  1.0000  -6.0457   0.0000   0.3155
  16.000   1.1496   0.06774   0.06292  -0.1069  0.0262  1.0000  -6.2868   0.0000   0.3160
  17.000   1.1386   0.08142   0.07695  -0.1105  0.0244  1.0000  -6.5383   0.0000   0.3179
  18.000   1.1200   0.09737   0.09321  -0.1154  0.0226  1.0000  -6.7012   0.0000   0.3217
  19.000   1.0950   0.11496   0.11109  -0.1215  0.0209  1.0000  -6.7633   0.0000   0.3274
  20.000   1.0782   0.13101   0.12743  -0.1283  0.0197  1.0000  -6.8416   0.0000   0.3331


