xflr5 v6.49

 Calculated polar for: Aerofoil36

 1 1 Reynolds number fixed          Mach number fixed         

 xtrf =   1.000 (top)        1.000 (bottom)
 Mach =   0.000     Re =     0.500 e 6     Ncrit =   5.000

  alpha     CL        CD       CDp       Cm    Top Xtr Bot Xtr   Cpmin    Chinge    XCp    
 ------- -------- --------- --------- -------- ------- ------- -------- --------- ---------
 -20.000  -0.6958   0.07778   0.07406  -0.0182  0.9917  0.0216  -6.7028   0.0000   0.1960
 -19.000  -0.7234   0.06043   0.05634  -0.0263  0.9861  0.0226  -6.7658   0.0000   0.1894
 -18.000  -0.7324   0.04682   0.04240  -0.0337  0.9795  0.0241  -6.6218   0.0000   0.1825
 -17.000  -0.7092   0.03752   0.03280  -0.0420  0.9739  0.0263  -6.2335   0.0000   0.1711
 -16.000  -0.7047   0.03092   0.02591  -0.0401  0.9603  0.0281  -5.8876   0.0000   0.1754
 -15.000  -0.6680   0.02533   0.02004  -0.0441  0.9506  0.0305  -5.3988   0.0000   0.1674
 -14.000  -0.6116   0.02132   0.01585  -0.0496  0.9434  0.0345  -4.8162   0.0000   0.1528
 -13.000  -0.5738   0.01856   0.01286  -0.0476  0.9257  0.0381  -4.3407   0.0000   0.1516
 -12.000  -0.4953   0.01616   0.01032  -0.0548  0.9161  0.0458  -3.7663   0.0000   0.1234
 -11.000  -0.4436   0.01444   0.00848  -0.0537  0.8957  0.0541  -3.2997   0.0000   0.1128
 -10.000  -0.3685   0.01305   0.00698  -0.0579  0.8785  0.0675  -2.7814   0.0000   0.0754
  -9.000  -0.2679   0.01169   0.00557  -0.0687  0.8622  0.0907  -2.2687   0.0000  -0.0279
  -8.000  -0.2143   0.01085   0.00472  -0.0660  0.8383  0.1203  -1.9062   0.0000  -0.0819
  -7.000  -0.1646   0.01015   0.00407  -0.0620  0.8145  0.1642  -1.5925   0.0000  -0.1542
  -6.000  -0.1032   0.00944   0.00350  -0.0611  0.7918  0.2318  -1.2883   0.0000  -0.3796
  -5.000  -0.0390   0.00876   0.00302  -0.0608  0.7691  0.3238  -1.0254   0.0000  -1.3912
  -4.000   0.0257   0.00820   0.00268  -0.0606  0.7458  0.4259  -0.8046   0.0000   2.7058
  -3.000   0.0862   0.00780   0.00245  -0.0590  0.7213  0.5197  -0.6266   0.0000   0.9565
  -2.000   0.1476   0.00756   0.00237  -0.0576  0.6966  0.6005  -0.6723   0.0000   0.6482
  -1.000   0.2137   0.00749   0.00243  -0.0575  0.6714  0.6706  -0.7263   0.0000   0.5211
   0.000   0.2805   0.00756   0.00259  -0.0577  0.6452  0.7310  -0.7854   0.0000   0.4542
   1.000   0.3419   0.00775   0.00286  -0.0565  0.6177  0.7874  -0.8481   0.0000   0.4115
   2.000   0.4088   0.00804   0.00328  -0.0570  0.5884  0.8445  -0.9225   0.0000   0.3839
   3.000   0.4982   0.00861   0.00392  -0.0642  0.5560  0.8985  -1.0265   0.0000   0.3718
   4.000   0.6189   0.00956   0.00486  -0.0806  0.5135  0.9308  -1.2005   0.0000   0.3720
   5.000   0.7182   0.01087   0.00604  -0.0916  0.4568  0.9535  -1.4559   0.0000   0.3681
   6.000   0.7828   0.01263   0.00761  -0.0940  0.3885  0.9912  -1.7290   0.0000   0.3592
   7.000   0.8496   0.01512   0.00983  -0.0984  0.3051  1.0000  -2.0583   0.0000   0.3535
   8.000   0.8621   0.01787   0.01229  -0.0891  0.2333  1.0000  -2.3103   0.0000   0.3394
   9.000   0.8835   0.02120   0.01539  -0.0832  0.1673  1.0000  -2.5946   0.0000   0.3286
  10.000   0.9074   0.02501   0.01905  -0.0791  0.1196  1.0000  -2.9217   0.0000   0.3199
  11.000   0.9325   0.02929   0.02325  -0.0763  0.0863  1.0000  -3.2609   0.0000   0.3129
  12.000   0.9597   0.03385   0.02786  -0.0748  0.0672  1.0000  -3.6231   0.0000   0.3073
  13.000   0.9814   0.03930   0.03338  -0.0735  0.0529  1.0000  -4.0082   0.0000   0.3024
  14.000   1.0019   0.04527   0.03948  -0.0729  0.0441  1.0000  -4.3950   0.0000   0.2984
  15.000   1.0184   0.05210   0.04650  -0.0728  0.0383  1.0000  -4.7688   0.0000   0.2952
  16.000   1.0274   0.06010   0.05472  -0.0728  0.0334  1.0000  -5.1098   0.0000   0.2925
  17.000   1.0325   0.06905   0.06387  -0.0734  0.0293  1.0000  -5.4301   0.0000   0.2907
  18.000   1.0272   0.07972   0.07478  -0.0743  0.0266  1.0000  -5.7118   0.0000   0.2897
  19.000   1.0234   0.09067   0.08604  -0.0762  0.0246  1.0000  -6.0041   0.0000   0.2895
  20.000   1.0124   0.10292   0.09855  -0.0788  0.0226  1.0000  -6.2336   0.0000   0.2904


