xflr5 v6.49

 Calculated polar for: Aerofoil19

 1 1 Reynolds number fixed          Mach number fixed         

 xtrf =   1.000 (top)        1.000 (bottom)
 Mach =   0.000     Re =     0.500 e 6     Ncrit =   5.000

  alpha     CL        CD       CDp       Cm    Top Xtr Bot Xtr   Cpmin    Chinge    XCp    
 ------- -------- --------- --------- -------- ------- ------- -------- --------- ---------
 -20.000  -0.3464   0.17181   0.16936   0.0003  1.0000  0.0103  -2.4779   0.0000   0.1998
 -19.000  -0.3264   0.16382   0.16140  -0.0047  1.0000  0.0112  -2.3392   0.0000   0.1861
 -17.000  -0.4831   0.08994   0.08721  -0.0258  0.9956  0.0168  -6.0773   0.0000   0.1634
 -16.000  -0.5538   0.06083   0.05761  -0.0394  0.9851  0.0172  -6.9490   0.0000   0.1512
 -15.000  -0.5843   0.04315   0.03951  -0.0491  0.9539  0.0179  -7.1193   0.0000   0.1422
 -14.000  -0.5512   0.03029   0.02614  -0.0676  0.9357  0.0192  -6.7709   0.0000   0.1053
 -13.000  -0.5105   0.02288   0.01820  -0.0783  0.9006  0.0207  -6.2555   0.0000   0.0758
 -12.000  -0.5217   0.01869   0.01356  -0.0700  0.8620  0.0221  -5.9413   0.0000   0.0978
 -11.000  -0.5165   0.01668   0.01127  -0.0595  0.8365  0.0246  -5.4900   0.0000   0.1187
 -10.000  -0.4628   0.01509   0.00940  -0.0590  0.8175  0.0276  -4.8242   0.0000   0.1069
  -9.000  -0.3943   0.01353   0.00761  -0.0616  0.8018  0.0326  -4.1263   0.0000   0.0779
  -8.000  -0.3138   0.01232   0.00620  -0.0668  0.7855  0.0404  -3.4446   0.0000   0.0204
  -7.000  -0.2272   0.01131   0.00508  -0.0732  0.7712  0.0522  -2.8312   0.0000  -0.0918
  -6.000  -0.1371   0.01045   0.00414  -0.0805  0.7561  0.0734  -2.2439   0.0000  -0.3636
  -5.000  -0.0447   0.00971   0.00342  -0.0882  0.7417  0.1102  -1.7385   0.0000  -1.7897
  -4.000   0.0492   0.00905   0.00285  -0.0963  0.7269  0.1730  -1.2948   0.0000   2.2539
  -3.000   0.1438   0.00848   0.00250  -0.1046  0.7127  0.2609  -0.9335   0.0000   0.9888
  -2.000   0.2395   0.00811   0.00226  -0.1130  0.6967  0.3566  -0.7327   0.0000   0.7260
  -1.000   0.3350   0.00785   0.00224  -0.1214  0.6822  0.4454  -0.7939   0.0000   0.6131
   0.000   0.4307   0.00777   0.00227  -0.1296  0.6668  0.5240  -0.8590   0.0000   0.5499
   1.000   0.5246   0.00774   0.00242  -0.1374  0.6501  0.5959  -0.9267   0.0000   0.5094
   2.000   0.6167   0.00781   0.00267  -0.1446  0.6335  0.6652  -0.9974   0.0000   0.4809
   3.000   0.7053   0.00794   0.00295  -0.1509  0.6147  0.7372  -1.0714   0.0000   0.4593
   4.000   0.7870   0.00806   0.00336  -0.1552  0.5950  0.8231  -1.1477   0.0000   0.4416
   5.000   0.8853   0.00829   0.00390  -0.1640  0.5725  0.9989  -1.3291   0.0000   0.4288
   6.000   0.9252   0.00890   0.00439  -0.1574  0.5261  1.0000  -1.6021   0.0000   0.4127
   7.000   0.9433   0.01027   0.00552  -0.1462  0.4577  1.0000  -1.8661   0.0000   0.3965
   8.000   0.9539   0.01253   0.00753  -0.1348  0.3745  1.0000  -2.1512   0.0000   0.3817
   9.000   0.9418   0.01657   0.01110  -0.1205  0.2599  1.0000  -2.3780   0.0000   0.3672
  10.000   0.9340   0.02166   0.01571  -0.1095  0.1473  1.0000  -2.6382   0.0000   0.3551
  11.000   0.9498   0.02628   0.02010  -0.1042  0.0870  1.0000  -2.9958   0.0000   0.3464
  12.000   0.9755   0.03082   0.02459  -0.1016  0.0577  1.0000  -3.4012   0.0000   0.3396
  13.000   1.0031   0.03569   0.02953  -0.1001  0.0429  1.0000  -3.8259   0.0000   0.3339
  14.000   1.0299   0.04105   0.03500  -0.0993  0.0333  1.0000  -4.3191   0.0000   0.3291
  15.000   1.0528   0.04720   0.04130  -0.0988  0.0275  1.0000  -4.8086   0.0000   0.3251
  16.000   1.0750   0.05389   0.04819  -0.0990  0.0237  1.0000  -5.3075   0.0000   0.3219
  17.000   1.0892   0.06200   0.05652  -0.0995  0.0205  1.0000  -5.7662   0.0000   0.3195
  18.000   1.1039   0.07062   0.06540  -0.1011  0.0180  1.0000  -6.2370   0.0000   0.3180
  19.000   1.1092   0.08103   0.07605  -0.1031  0.0161  1.0000  -6.6405   0.0000   0.3175
  20.000   1.1086   0.09285   0.08819  -0.1060  0.0148  1.0000  -6.9812   0.0000   0.3182


