xflr5 v6.49

 Calculated polar for: Aerofoil78

 1 1 Reynolds number fixed          Mach number fixed         

 xtrf =   1.000 (top)        1.000 (bottom)
 Mach =   0.000     Re =     0.500 e 6     Ncrit =   5.000

  alpha     CL        CD       CDp       Cm    Top Xtr Bot Xtr   Cpmin    Chinge    XCp    
 ------- -------- --------- --------- -------- ------- ------- -------- --------- ---------
 -20.000  -0.4484   0.16907   0.16657   0.0295  1.0000  0.0098  -2.5239   0.0000   0.2837
 -19.000  -0.4353   0.15635   0.15386   0.0231  1.0000  0.0109  -2.7686   0.0000   0.2731
 -18.000  -0.4197   0.14523   0.14276   0.0174  1.0000  0.0119  -2.7702   0.0000   0.2633
 -17.000  -0.7067   0.06844   0.06540   0.0059  1.0000  0.0145  -7.7588   0.0000   0.2420
 -16.000  -0.7952   0.04402   0.04046   0.0009  1.0000  0.0145  -8.4752   0.0000   0.2383
 -15.000  -0.8400   0.03159   0.02754   0.0029  1.0000  0.0149  -8.4669   0.0000   0.2430
 -14.000  -0.8445   0.02583   0.02133   0.0085  0.9975  0.0154  -8.0131   0.0000   0.2510
 -13.000  -0.8038   0.02111   0.01621   0.0077  0.9823  0.0172  -7.2661   0.0000   0.2514
 -12.000  -0.7451   0.01853   0.01332   0.0069  0.9630  0.0192  -6.3935   0.0000   0.2516
 -11.000  -0.6609   0.01613   0.01059   0.0005  0.9487  0.0217  -5.5269   0.0000   0.2435
 -10.000  -0.5749   0.01416   0.00844  -0.0058  0.9312  0.0270  -4.6817   0.0000   0.2327
  -9.000  -0.4670   0.01239   0.00647  -0.0177  0.9162  0.0339  -3.7971   0.0000   0.2046
  -8.000  -0.3758   0.01119   0.00512  -0.0246  0.8898  0.0447  -3.0351   0.0000   0.1765
  -7.000  -0.2904   0.01026   0.00407  -0.0298  0.8606  0.0615  -2.4364   0.0000   0.1385
  -6.000  -0.2057   0.00952   0.00328  -0.0347  0.8309  0.0920  -1.8811   0.0000   0.0705
  -5.000  -0.1209   0.00884   0.00269  -0.0397  0.8011  0.1450  -1.4206   0.0000  -0.0935
  -4.000  -0.0361   0.00824   0.00224  -0.0447  0.7712  0.2282  -1.0336   0.0000  -1.0311
  -3.000   0.0481   0.00770   0.00194  -0.0496  0.7410  0.3412  -0.7258   0.0000   1.3049
  -2.000   0.1295   0.00719   0.00178  -0.0537  0.7102  0.4893  -0.5241   0.0000   0.6701
  -1.000   0.2031   0.00657   0.00173  -0.0555  0.6784  0.6987  -0.5836   0.0000   0.5242
   0.000   0.3278   0.00655   0.00211  -0.0711  0.6441  0.8908  -0.6816   0.0000   0.4658
   1.000   0.4494   0.00706   0.00253  -0.0861  0.6054  0.9316  -0.7958   0.0000   0.4393
   2.000   0.5631   0.00772   0.00305  -0.0991  0.5569  0.9525  -0.9607   0.0000   0.4226
   3.000   0.6608   0.00849   0.00362  -0.1080  0.4861  0.9729  -1.2452   0.0000   0.4088
   4.000   0.7610   0.00953   0.00429  -0.1182  0.3765  0.9899  -1.6560   0.0000   0.3997
   5.000   0.8396   0.01117   0.00536  -0.1232  0.2389  0.9996  -2.1140   0.0000   0.3900
   6.000   0.8528   0.01258   0.00644  -0.1103  0.1517  1.0000  -2.4397   0.0000   0.3715
   7.000   0.8753   0.01421   0.00784  -0.1006  0.0934  1.0000  -2.8384   0.0000   0.3560
   8.000   0.9083   0.01610   0.00966  -0.0945  0.0606  1.0000  -3.3161   0.0000   0.3439
   9.000   0.9454   0.01837   0.01196  -0.0905  0.0435  1.0000  -3.8301   0.0000   0.3343
  10.000   0.9818   0.02109   0.01481  -0.0874  0.0334  1.0000  -4.3689   0.0000   0.3263
  11.000   1.0133   0.02459   0.01844  -0.0847  0.0268  1.0000  -4.9710   0.0000   0.3194
  12.000   1.0414   0.02878   0.02284  -0.0826  0.0228  1.0000  -5.5738   0.0000   0.3136
  13.000   1.0591   0.03440   0.02871  -0.0803  0.0200  1.0000  -6.1209   0.0000   0.3085
  14.000   1.0757   0.04077   0.03536  -0.0793  0.0175  1.0000  -6.6776   0.0000   0.3048
  15.000   1.0783   0.04937   0.04422  -0.0785  0.0154  1.0000  -7.1347   0.0000   0.3020
  16.000   1.0733   0.05980   0.05501  -0.0786  0.0144  1.0000  -7.5108   0.0000   0.3005
  17.000   1.0628   0.07193   0.06750  -0.0799  0.0135  1.0000  -7.8217   0.0000   0.3004
  18.000   1.0426   0.08640   0.08236  -0.0823  0.0127  1.0000  -8.0112   0.0000   0.3019
  19.000   1.0148   0.10310   0.09944  -0.0860  0.0121  1.0000  -8.0701   0.0000   0.3055
  20.000   0.9816   0.12172   0.11841  -0.0913  0.0116  1.0000  -8.0009   0.0000   0.3114


