xflr5 v6.49

 Calculated polar for: Aerofoil47

 1 1 Reynolds number fixed          Mach number fixed         

 xtrf =   1.000 (top)        1.000 (bottom)
 Mach =   0.000     Re =     0.500 e 6     Ncrit =   5.000

  alpha     CL        CD       CDp       Cm    Top Xtr Bot Xtr   Cpmin    Chinge    XCp    
 ------- -------- --------- --------- -------- ------- ------- -------- --------- ---------
 -20.000  -0.3956   0.16896   0.16652   0.0168  1.0000  0.0096  -2.1685   0.0000   0.2557
 -19.000  -0.3924   0.15505   0.15264   0.0126  1.0000  0.0107  -2.7031   0.0000   0.2486
 -18.000  -0.3673   0.14480   0.14240   0.0052  0.9989  0.0116  -2.5721   0.0000   0.2316
 -16.000  -0.6373   0.05218   0.04901  -0.0234  0.9893  0.0152  -7.6820   0.0000   0.1997
 -15.000  -0.6648   0.03208   0.02829  -0.0397  0.9769  0.0155  -7.8693   0.0000   0.1800
 -14.000  -0.6811   0.02335   0.01902  -0.0385  0.9562  0.0163  -7.6179   0.0000   0.1852
 -13.000  -0.6176   0.01931   0.01460  -0.0433  0.9461  0.0182  -6.7163   0.0000   0.1719
 -12.000  -0.5561   0.01684   0.01178  -0.0443  0.9292  0.0205  -5.9489   0.0000   0.1625
 -11.000  -0.4564   0.01440   0.00903  -0.0548  0.9206  0.0244  -5.0279   0.0000   0.1213
 -10.000  -0.3693   0.01293   0.00732  -0.0609  0.9051  0.0289  -4.1989   0.0000   0.0754
  -9.000  -0.2667   0.01142   0.00561  -0.0711  0.8910  0.0369  -3.3623   0.0000  -0.0291
  -8.000  -0.1792   0.01036   0.00446  -0.0769  0.8710  0.0502  -2.6940   0.0000  -0.1965
  -7.000  -0.0841   0.00950   0.00355  -0.0847  0.8515  0.0727  -2.0848   0.0000  -0.7907
  -6.000   0.0117   0.00879   0.00283  -0.0927  0.8299  0.1120  -1.5510   0.0000   8.3749
  -5.000   0.1055   0.00822   0.00232  -0.1001  0.8057  0.1741  -1.1129   0.0000   1.2206
  -4.000   0.1966   0.00777   0.00201  -0.1069  0.7803  0.2585  -0.7716   0.0000   0.8035
  -3.000   0.2873   0.00743   0.00186  -0.1135  0.7533  0.3571  -0.6191   0.0000   0.6504
  -2.000   0.3767   0.00722   0.00183  -0.1199  0.7245  0.4646  -0.6827   0.0000   0.5706
  -1.000   0.4631   0.00708   0.00192  -0.1253  0.6938  0.5842  -0.7521   0.0000   0.5212
   0.000   0.5432   0.00691   0.00213  -0.1290  0.6609  0.7358  -0.8267   0.0000   0.4865
   1.000   0.6686   0.00703   0.00262  -0.1452  0.6210  0.9683  -0.9485   0.0000   0.4648
   2.000   0.7638   0.00761   0.00306  -0.1536  0.5721  1.0000  -1.1320   0.0000   0.4473
   3.000   0.8016   0.00829   0.00349  -0.1460  0.5074  1.0000  -1.3622   0.0000   0.4271
   4.000   0.8391   0.00933   0.00424  -0.1389  0.4207  1.0000  -1.6528   0.0000   0.4092
   5.000   0.8692   0.01096   0.00547  -0.1308  0.3165  1.0000  -1.9759   0.0000   0.3928
   6.000   0.8978   0.01321   0.00726  -0.1235  0.2013  1.0000  -2.3359   0.0000   0.3786
   7.000   0.9297   0.01587   0.00953  -0.1182  0.1132  1.0000  -2.7518   0.0000   0.3667
   8.000   0.9688   0.01852   0.01205  -0.1152  0.0678  1.0000  -3.2414   0.0000   0.3571
   9.000   1.0093   0.02143   0.01497  -0.1134  0.0463  1.0000  -3.7594   0.0000   0.3490
  10.000   1.0458   0.02488   0.01852  -0.1117  0.0340  1.0000  -4.3120   0.0000   0.3419
  11.000   1.0779   0.02902   0.02280  -0.1102  0.0268  1.0000  -4.9106   0.0000   0.3357
  12.000   1.1057   0.03385   0.02785  -0.1089  0.0227  1.0000  -5.5055   0.0000   0.3303
  13.000   1.1234   0.04005   0.03430  -0.1073  0.0196  1.0000  -6.0507   0.0000   0.3256
  14.000   1.1382   0.04698   0.04150  -0.1065  0.0170  1.0000  -6.5957   0.0000   0.3217
  15.000   1.1367   0.05624   0.05104  -0.1052  0.0149  1.0000  -7.0216   0.0000   0.3188
  16.000   1.1308   0.06663   0.06177  -0.1047  0.0140  1.0000  -7.4006   0.0000   0.3168
  17.000   1.1169   0.07845   0.07395  -0.1046  0.0131  1.0000  -7.7003   0.0000   0.3158
  18.000   1.0951   0.09178   0.08763  -0.1051  0.0123  1.0000  -7.9036   0.0000   0.3160
  19.000   1.0674   0.10676   0.10297  -0.1071  0.0116  1.0000  -8.0529   0.0000   0.3182
  20.000   1.0382   0.12327   0.11981  -0.1113  0.0111  1.0000  -8.0940   0.0000   0.3229


