xflr5 v6.49

 Calculated polar for: Aerofoil99

 1 1 Reynolds number fixed          Mach number fixed         

 xtrf =   1.000 (top)        1.000 (bottom)
 Mach =   0.000     Re =     0.500 e 6     Ncrit =   5.000

  alpha     CL        CD       CDp       Cm    Top Xtr Bot Xtr   Cpmin    Chinge    XCp    
 ------- -------- --------- --------- -------- ------- ------- -------- --------- ---------
 -20.000  -0.2810   0.15186   0.14969   0.0111  0.9059  0.0112  -1.7893   0.0000   0.2564
 -19.000  -0.2530   0.14278   0.14050   0.0010  0.8922  0.0125  -1.7750   0.0000   0.2190
 -15.000  -0.6082   0.02737   0.02325  -0.0491  0.8788  0.0183  -7.2053   0.0000   0.1574
 -14.000  -0.6421   0.02167   0.01707  -0.0397  0.8392  0.0191  -7.0457   0.0000   0.1786
 -13.000  -0.6191   0.01888   0.01387  -0.0346  0.8156  0.0206  -6.5085   0.0000   0.1853
 -12.000  -0.5551   0.01643   0.01102  -0.0370  0.7970  0.0229  -5.7668   0.0000   0.1745
 -11.000  -0.4739   0.01466   0.00898  -0.0424  0.7800  0.0270  -4.9486   0.0000   0.1512
 -10.000  -0.3855   0.01302   0.00710  -0.0492  0.7640  0.0316  -4.1555   0.0000   0.1119
  -9.000  -0.2920   0.01184   0.00568  -0.0568  0.7482  0.0389  -3.4008   0.0000   0.0425
  -8.000  -0.1949   0.01081   0.00456  -0.0653  0.7328  0.0508  -2.7515   0.0000  -0.1029
  -7.000  -0.0962   0.01001   0.00368  -0.0741  0.7171  0.0709  -2.1406   0.0000  -0.5541
  -6.000   0.0039   0.00933   0.00300  -0.0833  0.7010  0.1062  -1.6225   0.0000  22.4317
  -5.000   0.1047   0.00873   0.00252  -0.0928  0.6859  0.1656  -1.1764   0.0000   1.1611
  -4.000   0.2056   0.00826   0.00219  -0.1024  0.6684  0.2552  -0.8177   0.0000   0.7586
  -3.000   0.3071   0.00786   0.00207  -0.1122  0.6520  0.3627  -0.7604   0.0000   0.6207
  -2.000   0.4081   0.00767   0.00207  -0.1218  0.6350  0.4693  -0.8341   0.0000   0.5510
  -1.000   0.5083   0.00760   0.00218  -0.1312  0.6162  0.5659  -0.9121   0.0000   0.5085
   0.000   0.6076   0.00764   0.00243  -0.1404  0.5975  0.6518  -0.9954   0.0000   0.4798
   1.000   0.7044   0.00777   0.00275  -0.1489  0.5775  0.7324  -1.0845   0.0000   0.4587
   2.000   0.7971   0.00796   0.00315  -0.1564  0.5549  0.8182  -1.1815   0.0000   0.4420
   3.000   0.8862   0.00810   0.00353  -0.1629  0.5288  1.0000  -1.3135   0.0000   0.4282
   4.000   0.9727   0.00877   0.00412  -0.1694  0.4851  1.0000  -1.6443   0.0000   0.4171
   5.000   1.0352   0.00997   0.00505  -0.1700  0.4093  1.0000  -2.0121   0.0000   0.4058
   6.000   1.0516   0.01182   0.00665  -0.1598  0.3306  1.0000  -2.3254   0.0000   0.3920
   7.000   1.0513   0.01523   0.00967  -0.1481  0.2330  1.0000  -2.5973   0.0000   0.3794
   8.000   1.0513   0.01981   0.01388  -0.1388  0.1416  1.0000  -2.8986   0.0000   0.3690
   9.000   1.0650   0.02456   0.01843  -0.1338  0.0867  1.0000  -3.2677   0.0000   0.3609
  10.000   1.0884   0.02940   0.02324  -0.1315  0.0581  1.0000  -3.6847   0.0000   0.3545
  11.000   1.1126   0.03483   0.02875  -0.1304  0.0428  1.0000  -4.1158   0.0000   0.3492
  12.000   1.1367   0.04092   0.03497  -0.1304  0.0331  1.0000  -4.6158   0.0000   0.3449
  13.000   1.1568   0.04803   0.04224  -0.1309  0.0270  1.0000  -5.1111   0.0000   0.3414
  14.000   1.1763   0.05591   0.05037  -0.1323  0.0234  1.0000  -5.6141   0.0000   0.3389
  15.000   1.1863   0.06567   0.06035  -0.1341  0.0201  1.0000  -6.0637   0.0000   0.3374
  16.000   1.1984   0.07591   0.07090  -0.1371  0.0178  1.0000  -6.5317   0.0000   0.3367
  17.000   1.2024   0.08802   0.08327  -0.1408  0.0158  1.0000  -6.9377   0.0000   0.3373
  18.000   1.1956   0.10236   0.09794  -0.1453  0.0144  1.0000  -7.2325   0.0000   0.3394
  19.000   1.1939   0.11601   0.11193  -0.1508  0.0135  1.0000  -7.5477   0.0000   0.3419
  20.000   1.1875   0.13034   0.12660  -0.1571  0.0125  1.0000  -7.8443   0.0000   0.3454


