xflr5 v6.49

 Calculated polar for: Aerofoil56

 1 1 Reynolds number fixed          Mach number fixed         

 xtrf =   1.000 (top)        1.000 (bottom)
 Mach =   0.000     Re =     0.500 e 6     Ncrit =   5.000

  alpha     CL        CD       CDp       Cm    Top Xtr Bot Xtr   Cpmin    Chinge    XCp    
 ------- -------- --------- --------- -------- ------- ------- -------- --------- ---------
 -20.000  -0.3992   0.18239   0.17998   0.0218  1.0000  0.0088  -1.8571   0.0000   0.2698
 -19.000  -0.3860   0.17122   0.16883   0.0171  1.0000  0.0101  -2.0576   0.0000   0.2615
 -18.000  -0.3561   0.15960   0.15720   0.0082  0.9985  0.0097  -1.9781   0.0000   0.2407
 -17.000  -0.3263   0.14603   0.14362  -0.0022  0.9958  0.0093  -2.0925   0.0000   0.2113
 -16.000  -0.3077   0.12875   0.12633  -0.0127  0.9917  0.0105  -2.7083   0.0000   0.1779
 -15.000  -0.2762   0.11706   0.11464  -0.0227  0.9865  0.0115  -2.5915   0.0000   0.1365
 -14.000  -0.4391   0.06237   0.05981  -0.0380  0.9781  0.0139  -6.4215   0.0000   0.1461
 -13.000  -0.5692   0.02803   0.02466  -0.0545  0.9540  0.0131  -8.1209   0.0000   0.1441
 -12.000  -0.5063   0.02108   0.01697  -0.0654  0.9452  0.0147  -7.2661   0.0000   0.1108
 -11.000  -0.4479   0.01714   0.01250  -0.0677  0.9280  0.0162  -6.3877   0.0000   0.0890
 -10.000  -0.3419   0.01441   0.00940  -0.0804  0.9210  0.0193  -5.2960   0.0000   0.0032
  -9.000  -0.2474   0.01246   0.00715  -0.0891  0.9082  0.0235  -4.3903   0.0000  -0.1245
  -8.000  -0.1429   0.01096   0.00541  -0.1000  0.8947  0.0301  -3.4845   0.0000  -0.4726
  -7.000  -0.0437   0.00985   0.00418  -0.1092  0.8780  0.0418  -2.6642   0.0000  -2.3192
  -6.000   0.0636   0.00894   0.00315  -0.1205  0.8602  0.0636  -1.9763   0.0000   2.1872
  -5.000   0.1607   0.00828   0.00250  -0.1290  0.8374  0.1051  -1.3953   0.0000   1.0673
  -3.000   0.3542   0.00737   0.00184  -0.1459  0.7861  0.2726  -0.6308   0.0000   0.6660
  -2.000   0.4492   0.00714   0.00176  -0.1538  0.7569  0.3818  -0.6948   0.0000   0.5944
  -1.000   0.5420   0.00704   0.00183  -0.1611  0.7256  0.4961  -0.7643   0.0000   0.5477
   0.000   0.6312   0.00704   0.00204  -0.1674  0.6922  0.6166  -0.8396   0.0000   0.5143
   1.000   0.7146   0.00706   0.00237  -0.1720  0.6552  0.7575  -0.9224   0.0000   0.4886
   2.000   0.7968   0.00717   0.00269  -0.1761  0.6128  1.0000  -1.0273   0.0000   0.4677
   3.000   0.8656   0.00777   0.00315  -0.1770  0.5580  1.0000  -1.2983   0.0000   0.4500
   4.000   0.9098   0.00881   0.00384  -0.1714  0.4621  1.0000  -1.6287   0.0000   0.4327
   5.000   0.9470   0.01044   0.00503  -0.1648  0.3456  1.0000  -2.0055   0.0000   0.4172
   6.000   0.9744   0.01288   0.00684  -0.1568  0.2029  1.0000  -2.4222   0.0000   0.4029
   7.000   1.0040   0.01562   0.00913  -0.1503  0.0980  1.0000  -2.8760   0.0000   0.3904
   9.000   1.0799   0.02099   0.01439  -0.1433  0.0344  1.0000  -4.0322   0.0000   0.3708
  10.000   1.1150   0.02424   0.01778  -0.1404  0.0259  1.0000  -4.6708   0.0000   0.3626
  11.000   1.1434   0.02834   0.02206  -0.1372  0.0204  1.0000  -5.2975   0.0000   0.3553
  12.000   1.1703   0.03303   0.02698  -0.1350  0.0167  1.0000  -5.9421   0.0000   0.3490
  13.000   1.1853   0.03938   0.03361  -0.1323  0.0144  1.0000  -6.5084   0.0000   0.3437
  14.000   1.1991   0.04668   0.04124  -0.1310  0.0128  1.0000  -7.1392   0.0000   0.3396
  15.000   1.2059   0.05565   0.05054  -0.1306  0.0115  1.0000  -7.7556   0.0000   0.3368
  16.000   1.1982   0.06770   0.06295  -0.1311  0.0104  1.0000  -8.2222   0.0000   0.3359
  17.000   1.1860   0.08183   0.07751  -0.1334  0.0097  1.0000  -8.6037   0.0000   0.3370
  18.000   1.1739   0.09709   0.09320  -0.1378  0.0091  1.0000  -8.9558   0.0000   0.3397
  19.000   1.1538   0.11437   0.11091  -0.1437  0.0085  1.0000  -9.1467   0.0000   0.3447
  20.000   1.1256   0.13341   0.13038  -0.1511  0.0080  1.0000  -9.1226   0.0000   0.3521


