xflr5 v6.49

 Calculated polar for: Aerofoil26

 1 1 Reynolds number fixed          Mach number fixed         

 xtrf =   1.000 (top)        1.000 (bottom)
 Mach =   0.000     Re =     0.500 e 6     Ncrit =   5.000

  alpha     CL        CD       CDp       Cm    Top Xtr Bot Xtr   Cpmin    Chinge    XCp    
 ------- -------- --------- --------- -------- ------- ------- -------- --------- ---------
 -20.000  -0.3862   0.15863   0.15619   0.0054  1.0000  0.0116  -2.7324   0.0000   0.2201
 -19.000  -0.6271   0.08938   0.08641  -0.0048  1.0000  0.0151  -7.0680   0.0000   0.2166
 -18.000  -0.6977   0.06649   0.06310  -0.0096  0.9996  0.0153  -7.6349   0.0000   0.2151
 -17.000  -0.7235   0.04772   0.04384  -0.0207  0.9954  0.0158  -7.7033   0.0000   0.2035
 -16.000  -0.7244   0.03463   0.03032  -0.0298  0.9847  0.0169  -7.4398   0.0000   0.1934
 -15.000  -0.7052   0.02717   0.02254  -0.0337  0.9634  0.0182  -6.9164   0.0000   0.1884
 -14.000  -0.6548   0.02209   0.01709  -0.0401  0.9477  0.0201  -6.2177   0.0000   0.1757
 -13.000  -0.5906   0.01843   0.01308  -0.0466  0.9294  0.0224  -5.5224   0.0000   0.1585
 -12.000  -0.5080   0.01579   0.01020  -0.0554  0.9099  0.0271  -4.7433   0.0000   0.1281
 -11.000  -0.4578   0.01403   0.00816  -0.0538  0.8807  0.0315  -4.1377   0.0000   0.1197
 -10.000  -0.4097   0.01291   0.00680  -0.0503  0.8554  0.0371  -3.5576   0.0000   0.1145
  -9.000  -0.3564   0.01197   0.00568  -0.0478  0.8329  0.0477  -2.9960   0.0000   0.1031
  -8.000  -0.2899   0.01109   0.00475  -0.0485  0.8125  0.0645  -2.4806   0.0000   0.0688
  -7.000  -0.2161   0.01029   0.00395  -0.0511  0.7942  0.0965  -1.9739   0.0000  -0.0027
  -5.000  -0.0600   0.00872   0.00274  -0.0585  0.7579  0.2568  -1.1527   0.0000  -0.7668
  -4.000   0.0201   0.00806   0.00239  -0.0627  0.7401  0.3774  -0.8411   0.0000   3.4734
  -3.000   0.1034   0.00761   0.00216  -0.0676  0.7216  0.4926  -0.5984   0.0000   0.9192
  -2.000   0.1868   0.00732   0.00210  -0.0725  0.7030  0.5899  -0.6511   0.0000   0.6432
  -1.000   0.2715   0.00716   0.00214  -0.0776  0.6845  0.6743  -0.7078   0.0000   0.5372
   0.000   0.3566   0.00712   0.00225  -0.0828  0.6646  0.7486  -0.7690   0.0000   0.4813
   1.000   0.4395   0.00716   0.00244  -0.0874  0.6429  0.8182  -0.8338   0.0000   0.4463
   2.000   0.5261   0.00733   0.00281  -0.0930  0.6203  0.8841  -0.9082   0.0000   0.4229
   3.000   0.6308   0.00779   0.00336  -0.1041  0.5935  0.9311  -1.0395   0.0000   0.4098
   4.000   0.7294   0.00862   0.00406  -0.1137  0.5355  0.9583  -1.3741   0.0000   0.3995
   5.000   0.8000   0.00988   0.00508  -0.1166  0.4436  0.9932  -1.7429   0.0000   0.3882
   6.000   0.8244   0.01214   0.00685  -0.1087  0.3199  1.0000  -2.0625   0.0000   0.3729
   7.000   0.8213   0.01537   0.00953  -0.0951  0.1915  1.0000  -2.3227   0.0000   0.3554
   8.000   0.8391   0.01878   0.01256  -0.0880  0.1039  1.0000  -2.6664   0.0000   0.3430
   9.000   0.8702   0.02208   0.01576  -0.0846  0.0649  1.0000  -3.0999   0.0000   0.3340
  10.000   0.9060   0.02549   0.01918  -0.0829  0.0462  1.0000  -3.5684   0.0000   0.3269
  11.000   0.9393   0.02944   0.02322  -0.0816  0.0353  1.0000  -4.0432   0.0000   0.3207
  12.000   0.9703   0.03390   0.02780  -0.0808  0.0284  1.0000  -4.5661   0.0000   0.3155
  13.000   0.9983   0.03901   0.03313  -0.0803  0.0244  1.0000  -5.1141   0.0000   0.3110
  14.000   1.0165   0.04536   0.03965  -0.0794  0.0209  1.0000  -5.6203   0.0000   0.3069
  15.000   1.0344   0.05225   0.04681  -0.0794  0.0190  1.0000  -6.1335   0.0000   0.3038
  16.000   1.0477   0.06002   0.05482  -0.0799  0.0167  1.0000  -6.6319   0.0000   0.3014
  17.000   1.0430   0.07050   0.06556  -0.0799  0.0149  1.0000  -6.9892   0.0000   0.2997
  18.000   1.0412   0.08120   0.07660  -0.0812  0.0142  1.0000  -7.3554   0.0000   0.2990
  19.000   1.0319   0.09351   0.08927  -0.0833  0.0133  1.0000  -7.6382   0.0000   0.2995
  20.000   1.0157   0.10739   0.10350  -0.0865  0.0125  1.0000  -7.8253   0.0000   0.3015


