xflr5 v6.49

 Calculated polar for: Aerofoil7

 1 1 Reynolds number fixed          Mach number fixed         

 xtrf =   1.000 (top)        1.000 (bottom)
 Mach =   0.000     Re =     0.500 e 6     Ncrit =   5.000

  alpha     CL        CD       CDp       Cm    Top Xtr Bot Xtr   Cpmin    Chinge    XCp    
 ------- -------- --------- --------- -------- ------- ------- -------- --------- ---------
 -20.000  -0.4274   0.16761   0.16503   0.0187  1.0000  0.0137  -2.6572   0.0000   0.2558
 -19.000  -0.5879   0.11285   0.11000   0.0085  1.0000  0.0196  -5.6885   0.0000   0.2347
 -18.000  -0.6557   0.08791   0.08468   0.0022  1.0000  0.0204  -6.3811   0.0000   0.2275
 -17.000  -0.6950   0.07045   0.06691  -0.0023  1.0000  0.0210  -6.6009   0.0000   0.2239
 -16.000  -0.7378   0.05487   0.05106  -0.0046  1.0000  0.0218  -6.7480   0.0000   0.2239
 -14.000  -0.7521   0.02970   0.02530  -0.0198  0.9854  0.0253  -6.4187   0.0000   0.2082
 -13.000  -0.7099   0.02262   0.01787  -0.0297  0.9596  0.0278  -5.8886   0.0000   0.1940
 -12.000  -0.6659   0.01755   0.01246  -0.0358  0.9299  0.0313  -5.3346   0.0000   0.1830
 -11.000  -0.6156   0.01554   0.01015  -0.0356  0.8996  0.0356  -4.7203   0.0000   0.1798
 -10.000  -0.5464   0.01385   0.00826  -0.0387  0.8770  0.0431  -4.0916   0.0000   0.1671
  -9.000  -0.4643   0.01249   0.00672  -0.0443  0.8583  0.0534  -3.4763   0.0000   0.1426
  -8.000  -0.3756   0.01133   0.00545  -0.0512  0.8396  0.0697  -2.8716   0.0000   0.1011
  -7.000  -0.2825   0.01035   0.00442  -0.0591  0.8221  0.0945  -2.3328   0.0000   0.0270
  -6.000  -0.1867   0.00950   0.00358  -0.0675  0.8046  0.1335  -1.8447   0.0000  -0.1287
  -5.000  -0.0890   0.00878   0.00295  -0.0763  0.7866  0.1857  -1.4355   0.0000  -0.6369
  -4.000   0.0103   0.00823   0.00251  -0.0855  0.7690  0.2459  -1.0893   0.0000   8.7294
  -3.000   0.1104   0.00786   0.00219  -0.0946  0.7499  0.3078  -0.8150   0.0000   1.1196
  -2.000   0.2107   0.00759   0.00204  -0.1038  0.7296  0.3685  -0.5999   0.0000   0.7465
  -1.000   0.3109   0.00745   0.00200  -0.1129  0.7084  0.4253  -0.6565   0.0000   0.6137
   0.000   0.4105   0.00741   0.00205  -0.1218  0.6851  0.4788  -0.7287   0.0000   0.5455
   1.000   0.5089   0.00746   0.00219  -0.1303  0.6580  0.5297  -0.8123   0.0000   0.5036
   2.000   0.6048   0.00760   0.00242  -0.1381  0.6232  0.5810  -0.9295   0.0000   0.4749
   3.000   0.6956   0.00790   0.00275  -0.1446  0.5718  0.6314  -1.1332   0.0000   0.4534
   4.000   0.7766   0.00851   0.00326  -0.1487  0.4949  0.6840  -1.4046   0.0000   0.4360
   5.000   0.8379   0.00959   0.00413  -0.1478  0.3883  0.7436  -1.7048   0.0000   0.4200
   6.000   0.8654   0.01099   0.00532  -0.1386  0.2762  0.8320  -1.9803   0.0000   0.4027
   7.000   0.8962   0.01283   0.00695  -0.1313  0.1816  1.0000  -2.2872   0.0000   0.3882
   8.000   0.9349   0.01504   0.00889  -0.1271  0.1199  1.0000  -2.6633   0.0000   0.3766
   9.000   0.9764   0.01744   0.01117  -0.1243  0.0830  1.0000  -3.0701   0.0000   0.3668
  10.000   1.0178   0.02012   0.01383  -0.1221  0.0625  1.0000  -3.5127   0.0000   0.3584
  11.000   1.0566   0.02325   0.01701  -0.1202  0.0483  1.0000  -3.9989   0.0000   0.3510
  12.000   1.0928   0.02690   0.02077  -0.1186  0.0400  1.0000  -4.4911   0.0000   0.3445
  13.000   1.1234   0.03138   0.02541  -0.1172  0.0338  1.0000  -4.9726   0.0000   0.3389
  14.000   1.1486   0.03685   0.03101  -0.1160  0.0285  1.0000  -5.4416   0.0000   0.3342
  15.000   1.1706   0.04324   0.03766  -0.1157  0.0258  1.0000  -5.9438   0.0000   0.3305
  16.000   1.1860   0.05108   0.04575  -0.1159  0.0231  1.0000  -6.4303   0.0000   0.3278
  17.000   1.1866   0.06168   0.05662  -0.1167  0.0209  1.0000  -6.8117   0.0000   0.3267
  18.000   1.1897   0.07309   0.06840  -0.1193  0.0197  1.0000  -7.2003   0.0000   0.3268
  19.000   1.1850   0.08670   0.08236  -0.1234  0.0181  1.0000  -7.5168   0.0000   0.3285
  20.000   1.1691   0.10303   0.09903  -0.1290  0.0168  1.0000  -7.7085   0.0000   0.3326


