xflr5 v6.49

 Calculated polar for: Aerofoil77

 1 1 Reynolds number fixed          Mach number fixed         

 xtrf =   1.000 (top)        1.000 (bottom)
 Mach =   0.000     Re =     0.500 e 6     Ncrit =   5.000

  alpha     CL        CD       CDp       Cm    Top Xtr Bot Xtr   Cpmin    Chinge    XCp    
 ------- -------- --------- --------- -------- ------- ------- -------- --------- ---------
 -20.000  -0.5544   0.08611   0.08297  -0.0272  0.9958  0.0217  -6.2048   0.0000   0.1713
 -19.000  -0.5938   0.06367   0.06011  -0.0402  0.9886  0.0224  -6.5627   0.0000   0.1578
 -18.000  -0.6291   0.04596   0.04205  -0.0491  0.9674  0.0236  -6.7116   0.0000   0.1519
 -16.000  -0.5790   0.02552   0.02087  -0.0712  0.9299  0.0276  -5.9981   0.0000   0.1102
 -15.000  -0.5067   0.02011   0.01505  -0.0845  0.9079  0.0300  -5.3562   0.0000   0.0659
 -14.000  -0.4856   0.01702   0.01163  -0.0804  0.8721  0.0331  -4.9121   0.0000   0.0680
 -13.000  -0.4638   0.01533   0.00964  -0.0725  0.8441  0.0363  -4.4933   0.0000   0.0781
 -12.000  -0.4291   0.01411   0.00822  -0.0662  0.8220  0.0412  -4.0449   0.0000   0.0805
 -11.000  -0.3641   0.01306   0.00694  -0.0667  0.8024  0.0473  -3.5088   0.0000   0.0501
 -10.000  -0.2903   0.01208   0.00582  -0.0693  0.7841  0.0570  -2.9699   0.0000  -0.0081
  -9.000  -0.2099   0.01120   0.00490  -0.0734  0.7678  0.0725  -2.4710   0.0000  -0.1249
  -8.000  -0.1243   0.01050   0.00410  -0.0788  0.7496  0.0952  -2.0133   0.0000  -0.4231
  -7.000  -0.0374   0.00983   0.00350  -0.0845  0.7328  0.1306  -1.6000   0.0000  -2.1292
  -6.000   0.0519   0.00928   0.00303  -0.0910  0.7164  0.1836  -1.2362   0.0000   2.0800
  -5.000   0.1415   0.00880   0.00268  -0.0975  0.6983  0.2564  -0.9329   0.0000   0.9635
  -4.000   0.2310   0.00839   0.00250  -0.1041  0.6808  0.3469  -0.7585   0.0000   0.7131
  -3.000   0.3204   0.00814   0.00241  -0.1106  0.6624  0.4427  -0.8230   0.0000   0.6020
  -2.000   0.4080   0.00798   0.00245  -0.1166  0.6428  0.5356  -0.8905   0.0000   0.5392
  -1.000   0.4934   0.00794   0.00261  -0.1221  0.6234  0.6214  -0.9613   0.0000   0.4982
   0.000   0.5736   0.00799   0.00284  -0.1263  0.6031  0.7014  -1.0345   0.0000   0.4686
   1.000   0.6414   0.00810   0.00312  -0.1270  0.5811  0.7817  -1.1070   0.0000   0.4447
   2.000   0.6999   0.00831   0.00356  -0.1252  0.5572  0.8844  -1.1809   0.0000   0.4239
   3.000   0.8258   0.00903   0.00436  -0.1427  0.5290  0.9921  -1.3208   0.0000   0.4161
   4.000   0.8859   0.00980   0.00510  -0.1427  0.4973  1.0000  -1.4679   0.0000   0.4028
   5.000   0.9182   0.01099   0.00616  -0.1359  0.4555  1.0000  -1.6611   0.0000   0.3880
   6.000   0.9487   0.01275   0.00781  -0.1297  0.4029  1.0000  -1.8955   0.0000   0.3751
   7.000   0.9737   0.01537   0.01025  -0.1236  0.3411  1.0000  -2.1491   0.0000   0.3635
   8.000   0.9909   0.01915   0.01381  -0.1175  0.2709  1.0000  -2.4120   0.0000   0.3533
   9.000   1.0053   0.02384   0.01824  -0.1123  0.1983  1.0000  -2.6874   0.0000   0.3446
  10.000   1.0189   0.02929   0.02349  -0.1083  0.1405  1.0000  -2.9816   0.0000   0.3373
  11.000   1.0349   0.03504   0.02913  -0.1057  0.0984  1.0000  -3.2888   0.0000   0.3312
  13.000   1.0704   0.04758   0.04177  -0.1036  0.0572  1.0000  -3.9982   0.0000   0.3219
  14.000   1.0850   0.05467   0.04899  -0.1032  0.0469  1.0000  -4.3574   0.0000   0.3182
  15.000   1.0937   0.06265   0.05713  -0.1028  0.0398  1.0000  -4.6940   0.0000   0.3150
  16.000   1.0965   0.07152   0.06618  -0.1025  0.0337  1.0000  -5.0042   0.0000   0.3124
  17.000   1.0967   0.08085   0.07574  -0.1026  0.0298  1.0000  -5.3249   0.0000   0.3103
  18.000   1.0871   0.09150   0.08659  -0.1026  0.0265  1.0000  -5.5987   0.0000   0.3088
  19.000   1.0806   0.10186   0.09724  -0.1035  0.0245  1.0000  -5.8805   0.0000   0.3079
  20.000   1.0712   0.11297   0.10858  -0.1055  0.0223  1.0000  -6.1269   0.0000   0.3082


