xflr5 v6.49

 Calculated polar for: Aerofoil5

 1 1 Reynolds number fixed          Mach number fixed         

 xtrf =   1.000 (top)        1.000 (bottom)
 Mach =   0.000     Re =     0.500 e 6     Ncrit =   5.000

  alpha     CL        CD       CDp       Cm    Top Xtr Bot Xtr   Cpmin    Chinge    XCp    
 ------- -------- --------- --------- -------- ------- ------- -------- --------- ---------
 -20.000  -0.2648   0.16717   0.16470  -0.0190  0.9963  0.0121  -2.0441   0.0000   0.1059
 -19.000  -0.2274   0.15317   0.15067  -0.0330  0.9911  0.0134  -2.1322   0.0000   0.0277
 -18.000  -0.2150   0.13323   0.13071  -0.0453  0.9809  0.0155  -2.7192   0.0000  -0.0370
 -17.000  -0.4287   0.07784   0.07495  -0.0496  0.9617  0.0200  -6.0141   0.0000   0.0955
 -16.000  -0.5171   0.04871   0.04522  -0.0627  0.9469  0.0203  -6.9198   0.0000   0.0992
 -15.000  -0.5207   0.03246   0.02839  -0.0780  0.9241  0.0210  -6.8758   0.0000   0.0741
 -14.000  -0.4687   0.02282   0.01821  -0.0962  0.9000  0.0232  -6.3639   0.0000   0.0194
 -13.000  -0.4497   0.01923   0.01419  -0.0935  0.8649  0.0250  -5.8906   0.0000   0.0186
 -12.000  -0.4372   0.01711   0.01168  -0.0847  0.8358  0.0268  -5.4314   0.0000   0.0348
 -11.000  -0.4117   0.01559   0.00985  -0.0768  0.8137  0.0286  -4.9135   0.0000   0.0430
 -10.000  -0.3737   0.01426   0.00832  -0.0712  0.7940  0.0324  -4.4006   0.0000   0.0396
  -9.000  -0.3080   0.01324   0.00704  -0.0721  0.7765  0.0372  -3.8186   0.0000  -0.0053
  -8.000  -0.2363   0.01224   0.00590  -0.0744  0.7599  0.0444  -3.2447   0.0000  -0.0889
  -7.000  -0.1581   0.01142   0.00496  -0.0783  0.7439  0.0545  -2.6795   0.0000  -0.2759
  -6.000  -0.0761   0.01073   0.00417  -0.0830  0.7279  0.0698  -2.1785   0.0000  -0.8950
  -5.000   0.0078   0.01015   0.00359  -0.0882  0.7126  0.0949  -1.7244   0.0000  12.0504
  -4.000   0.0930   0.00967   0.00311  -0.0937  0.6960  0.1351  -1.3248   0.0000   1.2854
  -3.000   0.1773   0.00921   0.00281  -0.0990  0.6812  0.1955  -0.9834   0.0000   0.8190
  -2.000   0.2609   0.00882   0.00260  -0.1042  0.6653  0.2867  -0.8234   0.0000   0.6534
   0.000   0.4153   0.00808   0.00258  -0.1109  0.6328  0.5680  -0.9415   0.0000   0.5157
   1.000   0.4803   0.00771   0.00274  -0.1106  0.6151  0.7753  -0.9982   0.0000   0.4772
   3.000   0.7356   0.00871   0.00400  -0.1450  0.5798  0.9692  -1.2063   0.0000   0.4415
   4.000   0.8496   0.00926   0.00448  -0.1590  0.5592  0.9947  -1.3133   0.0000   0.4304
   5.000   0.9268   0.00979   0.00499  -0.1631  0.5373  1.0000  -1.4038   0.0000   0.4181
   6.000   0.9646   0.01047   0.00571  -0.1566  0.5147  1.0000  -1.4764   0.0000   0.4033
   7.000   1.0056   0.01151   0.00675  -0.1516  0.4870  1.0000  -1.6854   0.0000   0.3905
   8.000   1.0308   0.01345   0.00859  -0.1438  0.4363  1.0000  -1.9345   0.0000   0.3780
   9.000   1.0526   0.01622   0.01124  -0.1366  0.3802  1.0000  -2.2061   0.0000   0.3668
  10.000   1.0629   0.02032   0.01516  -0.1285  0.3124  1.0000  -2.4848   0.0000   0.3565
  11.000   1.0603   0.02605   0.02061  -0.1199  0.2316  1.0000  -2.7311   0.0000   0.3471
  12.000   1.0552   0.03293   0.02719  -0.1126  0.1529  1.0000  -2.9942   0.0000   0.3391
  13.000   1.0594   0.03983   0.03394  -0.1081  0.1000  1.0000  -3.2982   0.0000   0.3327
  14.000   1.0701   0.04679   0.04087  -0.1056  0.0692  1.0000  -3.6308   0.0000   0.3277
  15.000   1.0837   0.05395   0.04811  -0.1042  0.0524  1.0000  -3.9795   0.0000   0.3235
  16.000   1.0966   0.06151   0.05579  -0.1035  0.0407  1.0000  -4.3704   0.0000   0.3201
  17.000   1.1060   0.06984   0.06429  -0.1032  0.0337  1.0000  -4.7592   0.0000   0.3172
  18.000   1.1093   0.07921   0.07385  -0.1032  0.0285  1.0000  -5.1185   0.0000   0.3150
  19.000   1.1146   0.08862   0.08352  -0.1040  0.0252  1.0000  -5.4871   0.0000   0.3133
  20.000   1.1110   0.09940   0.09449  -0.1052  0.0218  1.0000  -5.8018   0.0000   0.3126


