xflr5 v6.49

 Calculated polar for: Aerofoil22

 1 1 Reynolds number fixed          Mach number fixed         

 xtrf =   1.000 (top)        1.000 (bottom)
 Mach =   0.000     Re =     0.500 e 6     Ncrit =   5.000

  alpha     CL        CD       CDp       Cm    Top Xtr Bot Xtr   Cpmin    Chinge    XCp    
 ------- -------- --------- --------- -------- ------- ------- -------- --------- ---------
 -20.000  -0.3405   0.17460   0.17215   0.0115  1.0000  0.0088  -1.6420   0.0000   0.2475
 -19.000  -0.3187   0.16403   0.16160   0.0052  1.0000  0.0096  -1.7786   0.0000   0.2308
 -18.000  -0.2955   0.15530   0.15290  -0.0004  1.0000  0.0120  -1.6192   0.0000   0.2137
 -17.000  -0.2799   0.14288   0.14051  -0.0059  1.0000  0.0098  -1.8560   0.0000   0.1951
 -16.000  -0.2631   0.13233   0.13001  -0.0104  1.0000  0.0093  -1.9225   0.0000   0.1774
 -15.000  -0.2483   0.11742   0.11512  -0.0180  0.9979  0.0100  -2.4613   0.0000   0.1456
 -14.000  -0.2132   0.10374   0.10144  -0.0305  0.9685  0.0111  -2.5112   0.0000   0.0728
 -13.000  -0.1598   0.08816   0.08578  -0.0503  0.9407  0.0127  -2.5233   0.0000  -0.1066
 -12.000  -0.5103   0.02696   0.02367  -0.0475  0.8441  0.0120  -8.0545   0.0000   0.1467
 -11.000  -0.4754   0.02130   0.01730  -0.0493  0.8198  0.0133  -7.3507   0.0000   0.1368
 -10.000  -0.4037   0.01713   0.01235  -0.0550  0.8008  0.0149  -6.3928   0.0000   0.1040
  -9.000  -0.3178   0.01412   0.00881  -0.0624  0.7819  0.0172  -5.3914   0.0000   0.0430
  -8.000  -0.2231   0.01237   0.00670  -0.0708  0.7658  0.0206  -4.4595   0.0000  -0.0811
  -7.000  -0.1261   0.01100   0.00504  -0.0795  0.7487  0.0266  -3.5640   0.0000  -0.4016
  -6.000  -0.0269   0.00994   0.00378  -0.0886  0.7312  0.0354  -2.7233   0.0000  -3.1366
  -5.000   0.0734   0.00918   0.00291  -0.0979  0.7152  0.0531  -2.0032   0.0000   1.6132
  -4.000   0.1738   0.00862   0.00230  -0.1073  0.6973  0.0893  -1.3936   0.0000   0.8773
  -3.000   0.2747   0.00811   0.00196  -0.1169  0.6800  0.1618  -0.9062   0.0000   0.6803
  -2.000   0.3752   0.00774   0.00179  -0.1265  0.6621  0.2764  -0.7435   0.0000   0.5892
  -1.000   0.4751   0.00746   0.00178  -0.1359  0.6426  0.4240  -0.8168   0.0000   0.5365
   0.000   0.5743   0.00723   0.00196  -0.1451  0.6235  0.5961  -0.8945   0.0000   0.5018
   1.000   0.6663   0.00693   0.00223  -0.1521  0.6036  0.8351  -0.9740   0.0000   0.4761
   2.000   0.7651   0.00706   0.00245  -0.1610  0.5815  1.0000  -1.0659   0.0000   0.4571
   3.000   0.8617   0.00749   0.00285  -0.1696  0.5567  1.0000  -1.1672   0.0000   0.4424
   4.000   0.9558   0.00800   0.00337  -0.1777  0.5274  1.0000  -1.4921   0.0000   0.4303
   5.000   1.0330   0.00914   0.00418  -0.1817  0.4313  1.0000  -1.9852   0.0000   0.4191
   6.000   1.0833   0.01118   0.00572  -0.1795  0.3007  1.0000  -2.4898   0.0000   0.4076
   7.000   1.0727   0.01454   0.00844  -0.1635  0.1594  1.0000  -2.7970   0.0000   0.3932
   8.000   1.0803   0.01843   0.01198  -0.1543  0.0742  1.0000  -3.2390   0.0000   0.3824
   9.000   1.1046   0.02227   0.01579  -0.1499  0.0404  1.0000  -3.7784   0.0000   0.3739
  10.000   1.1324   0.02651   0.02010  -0.1472  0.0275  1.0000  -4.3590   0.0000   0.3668
  11.000   1.1579   0.03151   0.02528  -0.1452  0.0206  1.0000  -4.9492   0.0000   0.3607
  12.000   1.1833   0.03716   0.03115  -0.1443  0.0165  1.0000  -5.5592   0.0000   0.3557
  13.000   1.2003   0.04440   0.03865  -0.1436  0.0140  1.0000  -6.2104   0.0000   0.3517
  14.000   1.2167   0.05252   0.04709  -0.1440  0.0122  1.0000  -6.8872   0.0000   0.3487
  15.000   1.2244   0.06265   0.05749  -0.1451  0.0106  1.0000  -7.4969   0.0000   0.3470
  16.000   1.2269   0.07456   0.06978  -0.1472  0.0096  1.0000  -8.0475   0.0000   0.3466
  17.000   1.2314   0.08708   0.08269  -0.1509  0.0086  1.0000  -8.6247   0.0000   0.3471
  18.000   1.2274   0.10167   0.09767  -0.1556  0.0078  1.0000  -9.0856   0.0000   0.3492
  19.000   1.2168   0.11784   0.11423  -0.1616  0.0073  1.0000  -9.4258   0.0000   0.3530
  20.000   1.1985   0.13560   0.13239  -0.1690  0.0068  1.0000  -9.5859   0.0000   0.3589


