xflr5 v6.49

 Calculated polar for: Aerofoil55

 1 1 Reynolds number fixed          Mach number fixed         

 xtrf =   1.000 (top)        1.000 (bottom)
 Mach =   0.000     Re =     0.500 e 6     Ncrit =   5.000

  alpha     CL        CD       CDp       Cm    Top Xtr Bot Xtr   Cpmin    Chinge    XCp    
 ------- -------- --------- --------- -------- ------- ------- -------- --------- ---------
 -20.000  -0.4471   0.16967   0.16718   0.0268  1.0000  0.0095  -2.4395   0.0000   0.2769
 -19.000  -0.4432   0.15460   0.15214   0.0211  1.0000  0.0108  -2.9759   0.0000   0.2675
 -17.000  -0.7408   0.06322   0.06006   0.0048  1.0000  0.0133  -8.1870   0.0000   0.2408
 -16.000  -0.8088   0.04383   0.04020   0.0024  1.0000  0.0135  -8.5869   0.0000   0.2405
 -15.000  -0.8364   0.03242   0.02834   0.0022  0.9988  0.0142  -8.4288   0.0000   0.2423
 -14.000  -0.8051   0.02580   0.02122  -0.0028  0.9900  0.0152  -7.7539   0.0000   0.2373
 -13.000  -0.7636   0.02103   0.01604  -0.0052  0.9758  0.0169  -7.0154   0.0000   0.2349
 -12.000  -0.7194   0.01847   0.01321  -0.0028  0.9580  0.0189  -6.2173   0.0000   0.2385
 -11.000  -0.6331   0.01612   0.01055  -0.0100  0.9481  0.0215  -5.3040   0.0000   0.2268
 -10.000  -0.5589   0.01418   0.00844  -0.0134  0.9326  0.0268  -4.5280   0.0000   0.2188
  -9.000  -0.4566   0.01247   0.00657  -0.0238  0.9219  0.0342  -3.6757   0.0000   0.1902
  -8.000  -0.3638   0.01125   0.00524  -0.0314  0.9048  0.0461  -2.9159   0.0000   0.1554
  -7.000  -0.2602   0.01009   0.00404  -0.0418  0.8875  0.0700  -2.2543   0.0000   0.0793
  -6.000  -0.1691   0.00917   0.00318  -0.0488  0.8632  0.1160  -1.6965   0.0000  -0.0514
  -5.000  -0.0805   0.00835   0.00255  -0.0550  0.8363  0.1983  -1.2501   0.0000  -0.4565
  -4.000   0.0075   0.00763   0.00209  -0.0611  0.8077  0.3176  -0.8838   0.0000   8.5545
  -3.000   0.0950   0.00709   0.00182  -0.0669  0.7775  0.4480  -0.6059   0.0000   0.9666
  -2.000   0.1817   0.00675   0.00173  -0.0724  0.7456  0.5684  -0.5330   0.0000   0.6526
  -1.000   0.2682   0.00657   0.00175  -0.0777  0.7110  0.6730  -0.5988   0.0000   0.5407
   0.000   0.3535   0.00654   0.00187  -0.0826  0.6733  0.7640  -0.6736   0.0000   0.4828
   1.000   0.4368   0.00664   0.00210  -0.0870  0.6326  0.8497  -0.7632   0.0000   0.4467
   2.000   0.5307   0.00703   0.00252  -0.0943  0.5811  0.9241  -0.9209   0.0000   0.4243
   3.000   0.6422   0.00791   0.00317  -0.1072  0.4942  0.9603  -1.2516   0.0000   0.4123
   4.000   0.7290   0.00923   0.00403  -0.1139  0.3698  0.9963  -1.6529   0.0000   0.4005
   5.000   0.7692   0.01075   0.00502  -0.1083  0.2410  1.0000  -2.0233   0.0000   0.3840
   6.000   0.7994   0.01253   0.00637  -0.1004  0.1376  1.0000  -2.3963   0.0000   0.3677
   7.000   0.8391   0.01434   0.00795  -0.0956  0.0798  1.0000  -2.8731   0.0000   0.3550
   8.000   0.8826   0.01629   0.00984  -0.0925  0.0511  1.0000  -3.3974   0.0000   0.3446
   9.000   0.9256   0.01852   0.01212  -0.0900  0.0371  1.0000  -3.9438   0.0000   0.3358
  10.000   0.9648   0.02128   0.01499  -0.0877  0.0283  1.0000  -4.5494   0.0000   0.3281
  11.000   1.0013   0.02455   0.01846  -0.0859  0.0237  1.0000  -5.1936   0.0000   0.3215
  12.000   1.0270   0.02902   0.02312  -0.0834  0.0202  1.0000  -5.7929   0.0000   0.3155
  13.000   1.0516   0.03408   0.02847  -0.0821  0.0177  1.0000  -6.4048   0.0000   0.3107
  14.000   1.0631   0.04097   0.03559  -0.0806  0.0153  1.0000  -6.9392   0.0000   0.3067
  15.000   1.0676   0.04935   0.04432  -0.0799  0.0142  1.0000  -7.4094   0.0000   0.3039
  16.000   1.0651   0.05943   0.05476  -0.0801  0.0132  1.0000  -7.8128   0.0000   0.3024
  17.000   1.0518   0.07184   0.06754  -0.0813  0.0123  1.0000  -8.1033   0.0000   0.3024
  18.000   1.0276   0.08676   0.08284  -0.0835  0.0117  1.0000  -8.2548   0.0000   0.3043
  19.000   0.9935   0.10428   0.10074  -0.0871  0.0112  1.0000  -8.2473   0.0000   0.3085
  20.000   0.9529   0.12415   0.12097  -0.0926  0.0108  1.0000  -8.0692   0.0000   0.3156


