xflr5 v6.49

 Calculated polar for: Aerofoil48

 1 1 Reynolds number fixed          Mach number fixed         

 xtrf =   1.000 (top)        1.000 (bottom)
 Mach =   0.000     Re =     0.500 e 6     Ncrit =   5.000

  alpha     CL        CD       CDp       Cm    Top Xtr Bot Xtr   Cpmin    Chinge    XCp    
 ------- -------- --------- --------- -------- ------- ------- -------- --------- ---------
 -20.000  -0.2649   0.15139   0.14914  -0.0026  1.0000  0.0104  -1.8374   0.0000   0.2060
 -19.000  -0.2542   0.14613   0.14390  -0.0053  1.0000  0.0113  -1.7680   0.0000   0.1955
 -18.000  -0.2508   0.14083   0.13861  -0.0068  1.0000  0.0123  -1.8077   0.0000   0.1905
 -16.000  -0.5941   0.06589   0.06306  -0.0102  0.9985  0.0159  -7.0663   0.0000   0.2167
 -15.000  -0.6716   0.03601   0.03254  -0.0291  0.9876  0.0160  -7.9609   0.0000   0.1952
 -14.000  -0.6821   0.02415   0.02008  -0.0362  0.9629  0.0168  -7.7911   0.0000   0.1876
 -13.000  -0.6196   0.01996   0.01547  -0.0413  0.9470  0.0185  -7.0083   0.0000   0.1743
 -12.000  -0.5423   0.01706   0.01217  -0.0470  0.9281  0.0207  -6.1616   0.0000   0.1541
 -11.000  -0.4500   0.01461   0.00939  -0.0556  0.9095  0.0242  -5.2675   0.0000   0.1165
 -10.000  -0.3592   0.01299   0.00747  -0.0628  0.8853  0.0282  -4.4162   0.0000   0.0641
  -9.000  -0.2726   0.01160   0.00584  -0.0685  0.8580  0.0342  -3.6357   0.0000  -0.0148
  -8.000  -0.1835   0.01061   0.00466  -0.0747  0.8303  0.0438  -2.9610   0.0000  -0.1749
  -7.000  -0.0929   0.00983   0.00370  -0.0811  0.8025  0.0573  -2.3486   0.0000  -0.6549
  -6.000  -0.0015   0.00920   0.00298  -0.0878  0.7747  0.0817  -1.7907   0.0000  -60.7182
  -4.000   0.1823   0.00825   0.00211  -0.1016  0.7190  0.1902  -0.9440   0.0000   0.8177
  -3.000   0.2739   0.00793   0.00192  -0.1085  0.6909  0.2807  -0.6654   0.0000   0.6513
  -2.000   0.3644   0.00766   0.00187  -0.1151  0.6626  0.3950  -0.7361   0.0000   0.5683
  -1.000   0.4531   0.00747   0.00195  -0.1213  0.6339  0.5316  -0.8125   0.0000   0.5181
   0.000   0.5371   0.00726   0.00216  -0.1261  0.6042  0.7130  -0.8930   0.0000   0.4837
   1.000   0.6630   0.00727   0.00260  -0.1424  0.5711  0.9780  -1.0123   0.0000   0.4621
   2.000   0.7633   0.00779   0.00295  -0.1522  0.5356  1.0000  -1.1319   0.0000   0.4454
   3.000   0.8323   0.00829   0.00338  -0.1532  0.4992  1.0000  -1.2653   0.0000   0.4288
   4.000   0.8833   0.00894   0.00390  -0.1495  0.4542  1.0000  -1.4987   0.0000   0.4127
   5.000   0.9259   0.00988   0.00467  -0.1439  0.3905  1.0000  -1.7972   0.0000   0.3976
   6.000   0.9607   0.01136   0.00589  -0.1372  0.3161  1.0000  -2.1302   0.0000   0.3837
   7.000   0.9879   0.01351   0.00775  -0.1298  0.2307  1.0000  -2.4842   0.0000   0.3709
   8.000   1.0096   0.01653   0.01042  -0.1227  0.1455  1.0000  -2.8610   0.0000   0.3596
   9.000   1.0351   0.02005   0.01377  -0.1179  0.0889  1.0000  -3.2867   0.0000   0.3506
  10.000   1.0640   0.02399   0.01768  -0.1151  0.0585  1.0000  -3.7397   0.0000   0.3433
  11.000   1.0911   0.02858   0.02236  -0.1132  0.0422  1.0000  -4.2193   0.0000   0.3372
  12.000   1.1149   0.03389   0.02782  -0.1118  0.0325  1.0000  -4.7430   0.0000   0.3321
  13.000   1.1313   0.04034   0.03447  -0.1105  0.0267  1.0000  -5.2389   0.0000   0.3277
  14.000   1.1434   0.04764   0.04202  -0.1096  0.0230  1.0000  -5.7188   0.0000   0.3240
  15.000   1.1436   0.05667   0.05129  -0.1085  0.0199  1.0000  -6.1275   0.0000   0.3211
  16.000   1.1418   0.06623   0.06116  -0.1079  0.0177  1.0000  -6.5236   0.0000   0.3188
  17.000   1.1284   0.07751   0.07270  -0.1072  0.0160  1.0000  -6.8285   0.0000   0.3173
  18.000   1.1044   0.09096   0.08645  -0.1073  0.0146  1.0000  -7.0143   0.0000   0.3174
  19.000   1.0913   0.10406   0.09988  -0.1100  0.0138  1.0000  -7.2549   0.0000   0.3188
  20.000   1.0767   0.11820   0.11436  -0.1143  0.0129  1.0000  -7.4873   0.0000   0.3219


