xflr5 v6.49

 Calculated polar for: Aerofoil89

 1 1 Reynolds number fixed          Mach number fixed         

 xtrf =   1.000 (top)        1.000 (bottom)
 Mach =   0.000     Re =     0.500 e 6     Ncrit =   5.000

  alpha     CL        CD       CDp       Cm    Top Xtr Bot Xtr   Cpmin    Chinge    XCp    
 ------- -------- --------- --------- -------- ------- ------- -------- --------- ---------
 -20.000  -0.5783   0.11035   0.10732   0.0007  1.0000  0.0214  -5.7894   0.0000   0.2151
 -19.000  -0.6322   0.08914   0.08586  -0.0052  1.0000  0.0228  -6.2408   0.0000   0.2103
 -18.000  -0.6791   0.07059   0.06704  -0.0100  1.0000  0.0240  -6.4941   0.0000   0.2076
 -15.000  -0.6657   0.03143   0.02683  -0.0403  0.9442  0.0283  -5.9200   0.0000   0.1688
 -13.000  -0.6436   0.01994   0.01459  -0.0398  0.8548  0.0337  -5.1963   0.0000   0.1712
 -12.000  -0.6301   0.01742   0.01172  -0.0329  0.8278  0.0363  -4.8252   0.0000   0.1822
 -11.000  -0.6147   0.01563   0.00971  -0.0238  0.8054  0.0411  -4.4411   0.0000   0.1970
 -10.000  -0.5592   0.01433   0.00821  -0.0229  0.7874  0.0468  -3.9224   0.0000   0.1952
  -9.000  -0.4873   0.01316   0.00690  -0.0258  0.7712  0.0558  -3.3691   0.0000   0.1835
  -8.000  -0.4073   0.01208   0.00573  -0.0303  0.7553  0.0705  -2.8454   0.0000   0.1615
  -7.000  -0.3207   0.01118   0.00481  -0.0364  0.7400  0.0916  -2.3628   0.0000   0.1214
  -6.000  -0.2310   0.01041   0.00399  -0.0432  0.7239  0.1230  -1.9135   0.0000   0.0457
  -5.000  -0.1386   0.00966   0.00338  -0.0507  0.7092  0.1713  -1.5219   0.0000  -0.1396
  -4.000  -0.0445   0.00907   0.00290  -0.0586  0.6934  0.2346  -1.1848   0.0000  -1.1226
  -3.000   0.0509   0.00856   0.00257  -0.0668  0.6766  0.3097  -0.9006   0.0000   1.5976
  -2.000   0.1473   0.00821   0.00239  -0.0752  0.6608  0.3880  -0.6963   0.0000   0.7674
  -1.000   0.2441   0.00802   0.00230  -0.0835  0.6428  0.4641  -0.7648   0.0000   0.5935
   0.000   0.3407   0.00788   0.00236  -0.0919  0.6251  0.5354  -0.8378   0.0000   0.5183
   1.000   0.4363   0.00787   0.00250  -0.0999  0.6063  0.6025  -0.9159   0.0000   0.4759
   2.000   0.5297   0.00795   0.00271  -0.1074  0.5855  0.6671  -1.0003   0.0000   0.4482
   3.000   0.6195   0.00810   0.00301  -0.1139  0.5620  0.7318  -1.0928   0.0000   0.4282
   4.000   0.7031   0.00831   0.00341  -0.1187  0.5359  0.8021  -1.1996   0.0000   0.4122
   5.000   0.7748   0.00859   0.00391  -0.1203  0.5042  0.8962  -1.3618   0.0000   0.3976
   6.000   0.8754   0.00952   0.00481  -0.1306  0.4502  0.9993  -1.6566   0.0000   0.3905
   7.000   0.8901   0.01079   0.00592  -0.1190  0.3970  1.0000  -1.8610   0.0000   0.3738
   8.000   0.9049   0.01295   0.00786  -0.1092  0.3331  1.0000  -2.0844   0.0000   0.3596
   9.000   0.9163   0.01613   0.01077  -0.1005  0.2592  1.0000  -2.3288   0.0000   0.3472
  10.000   0.9283   0.02012   0.01450  -0.0936  0.1897  1.0000  -2.5783   0.0000   0.3370
  11.000   0.9462   0.02455   0.01874  -0.0892  0.1350  1.0000  -2.8785   0.0000   0.3290
  12.000   0.9673   0.02942   0.02352  -0.0864  0.0975  1.0000  -3.1947   0.0000   0.3227
  13.000   0.9915   0.03448   0.02857  -0.0849  0.0748  1.0000  -3.5305   0.0000   0.3176
  14.000   1.0133   0.04015   0.03431  -0.0839  0.0590  1.0000  -3.9036   0.0000   0.3132
  15.000   1.0319   0.04640   0.04068  -0.0832  0.0487  1.0000  -4.2714   0.0000   0.3094
  16.000   1.0469   0.05334   0.04776  -0.0827  0.0417  1.0000  -4.6280   0.0000   0.3062
  17.000   1.0530   0.06171   0.05628  -0.0824  0.0356  1.0000  -4.9448   0.0000   0.3037
  18.000   1.0632   0.07022   0.06502  -0.0835  0.0316  1.0000  -5.2799   0.0000   0.3022
  19.000   1.0598   0.08117   0.07616  -0.0849  0.0280  1.0000  -5.5691   0.0000   0.3019
  20.000   1.0639   0.09173   0.08702  -0.0879  0.0259  1.0000  -5.8985   0.0000   0.3024


