xflr5 v6.49

 Calculated polar for: Aerofoil86

 1 1 Reynolds number fixed          Mach number fixed         

 xtrf =   1.000 (top)        1.000 (bottom)
 Mach =   0.000     Re =     0.500 e 6     Ncrit =   5.000

  alpha     CL        CD       CDp       Cm    Top Xtr Bot Xtr   Cpmin    Chinge    XCp    
 ------- -------- --------- --------- -------- ------- ------- -------- --------- ---------
 -20.000  -0.4007   0.19004   0.18762   0.0179  0.9987  0.0076  -1.7049   0.0000   0.2588
 -19.000  -0.3677   0.17789   0.17547   0.0072  0.9965  0.0083  -1.8229   0.0000   0.2341
 -18.000  -0.3338   0.16495   0.16250  -0.0042  0.9931  0.0094  -1.9059   0.0000   0.2022
 -17.000  -0.3033   0.15203   0.14956  -0.0145  0.9889  0.0095  -1.9547   0.0000   0.1670
 -16.000  -0.2726   0.13884   0.13637  -0.0249  0.9839  0.0091  -2.0194   0.0000   0.1228
 -15.000  -0.2538   0.12150   0.11901  -0.0354  0.9793  0.0100  -2.7033   0.0000   0.0751
 -13.000  -0.4325   0.05368   0.05099  -0.0527  0.9609  0.0121  -7.0312   0.0000   0.1095
 -12.000  -0.5004   0.02594   0.02242  -0.0739  0.9456  0.0120  -8.0291   0.0000   0.0889
 -11.000  -0.4657   0.02083   0.01678  -0.0754  0.9280  0.0136  -7.2701   0.0000   0.0757
 -10.000  -0.3711   0.01666   0.01196  -0.0879  0.9214  0.0154  -6.1371   0.0000  -0.0002
  -9.000  -0.2847   0.01401   0.00896  -0.0960  0.9111  0.0185  -5.0898   0.0000  -0.1020
  -8.000  -0.1937   0.01216   0.00679  -0.1040  0.8990  0.0230  -4.1974   0.0000  -0.3058
  -7.000  -0.0829   0.01067   0.00507  -0.1170  0.8904  0.0312  -3.2594   0.0000  -1.1988
  -6.000   0.0040   0.00977   0.00406  -0.1231  0.8756  0.0447  -2.4842   0.0000  31.7493
  -5.000   0.1114   0.00885   0.00309  -0.1348  0.8638  0.0750  -1.7907   0.0000   1.4799
  -4.000   0.2033   0.00824   0.00258  -0.1421  0.8481  0.1294  -1.2397   0.0000   0.9580
  -3.000   0.3084   0.00768   0.00213  -0.1530  0.8333  0.2176  -0.7886   0.0000   0.7507
  -2.000   0.4011   0.00733   0.00200  -0.1605  0.8146  0.3142  -0.6431   0.0000   0.6523
  -1.000   0.4972   0.00712   0.00198  -0.1688  0.7957  0.4113  -0.6979   0.0000   0.5900
   0.000   0.5933   0.00701   0.00205  -0.1770  0.7742  0.5078  -0.7587   0.0000   0.5477
   1.000   0.6854   0.00698   0.00223  -0.1840  0.7489  0.6077  -0.8243   0.0000   0.5168
   2.000   0.7705   0.00699   0.00254  -0.1890  0.7186  0.7271  -0.8984   0.0000   0.4927
   3.000   0.8474   0.00695   0.00286  -0.1915  0.6734  1.0000  -1.1650   0.0000   0.4723
   4.000   0.8831   0.00786   0.00333  -0.1829  0.5645  1.0000  -1.4819   0.0000   0.4525
   5.000   0.9056   0.00960   0.00451  -0.1718  0.4222  1.0000  -1.8151   0.0000   0.4341
   6.000   0.9197   0.01241   0.00647  -0.1602  0.2299  1.0000  -2.1915   0.0000   0.4176
   7.000   0.9501   0.01522   0.00869  -0.1535  0.0974  1.0000  -2.6452   0.0000   0.4040
   8.000   0.9943   0.01758   0.01089  -0.1505  0.0503  1.0000  -3.2263   0.0000   0.3928
   9.000   1.0399   0.02005   0.01339  -0.1484  0.0313  1.0000  -3.8962   0.0000   0.3829
  10.000   1.0827   0.02289   0.01634  -0.1462  0.0231  1.0000  -4.5885   0.0000   0.3741
  11.000   1.1214   0.02625   0.01989  -0.1439  0.0179  1.0000  -5.2956   0.0000   0.3662
  12.000   1.1523   0.03053   0.02438  -0.1410  0.0146  1.0000  -5.9732   0.0000   0.3590
  13.000   1.1804   0.03545   0.02959  -0.1387  0.0127  1.0000  -6.7316   0.0000   0.3527
  14.000   1.2003   0.04167   0.03609  -0.1364  0.0111  1.0000  -7.4967   0.0000   0.3474
  15.000   1.2060   0.05020   0.04499  -0.1340  0.0100  1.0000  -8.1240   0.0000   0.3432
  16.000   1.2148   0.05935   0.05458  -0.1336  0.0091  1.0000  -8.7995   0.0000   0.3404
  17.000   1.2141   0.07081   0.06646  -0.1345  0.0082  1.0000  -9.3822   0.0000   0.3394
  18.000   1.2007   0.08554   0.08163  -0.1372  0.0076  1.0000  -9.7903   0.0000   0.3408
  19.000   1.1742   0.10389   0.10047  -0.1423  0.0072  1.0000  -9.9558   0.0000   0.3456
  20.000   1.1340   0.12596   0.12303  -0.1502  0.0070  1.0000  -9.7709   0.0000   0.3545


