xflr5 v6.49

 Calculated polar for: Aerofoil3

 1 1 Reynolds number fixed          Mach number fixed         

 xtrf =   1.000 (top)        1.000 (bottom)
 Mach =   0.000     Re =     0.500 e 6     Ncrit =   5.000

  alpha     CL        CD       CDp       Cm    Top Xtr Bot Xtr   Cpmin    Chinge    XCp    
 ------- -------- --------- --------- -------- ------- ------- -------- --------- ---------
 -20.000  -0.3729   0.16420   0.16172   0.0167  1.0000  0.0113  -2.3027   0.0000   0.2557
 -19.000  -0.3505   0.15406   0.15160   0.0101  1.0000  0.0122  -2.2720   0.0000   0.2408
 -17.000  -0.5780   0.07464   0.07184  -0.0069  1.0000  0.0177  -6.5938   0.0000   0.2185
 -16.000  -0.7085   0.04415   0.04083  -0.0132  1.0000  0.0175  -7.8212   0.0000   0.2175
 -15.000  -0.7339   0.02775   0.02387  -0.0242  0.9866  0.0181  -7.8667   0.0000   0.2059
 -14.000  -0.6766   0.02151   0.01707  -0.0346  0.9236  0.0197  -7.1875   0.0000   0.1885
 -13.000  -0.6640   0.01909   0.01412  -0.0250  0.8663  0.0210  -6.6858   0.0000   0.2029
 -12.000  -0.6207   0.01687   0.01147  -0.0214  0.8338  0.0232  -6.0310   0.0000   0.2066
 -11.000  -0.5528   0.01522   0.00955  -0.0229  0.8094  0.0266  -5.2606   0.0000   0.1998
 -10.000  -0.4773   0.01365   0.00767  -0.0259  0.7873  0.0303  -4.5061   0.0000   0.1866
  -9.000  -0.3939   0.01247   0.00628  -0.0307  0.7663  0.0362  -3.7697   0.0000   0.1623
  -8.000  -0.3067   0.01145   0.00508  -0.0363  0.7465  0.0452  -3.1295   0.0000   0.1204
  -7.000  -0.2165   0.01060   0.00409  -0.0427  0.7265  0.0582  -2.5182   0.0000   0.0390
  -6.000  -0.1239   0.00990   0.00336  -0.0497  0.7073  0.0796  -1.9689   0.0000  -0.1720
  -5.000  -0.0306   0.00931   0.00279  -0.0569  0.6880  0.1157  -1.4980   0.0000  -1.6841
  -4.000   0.0633   0.00884   0.00236  -0.0643  0.6676  0.1719  -1.1011   0.0000   1.2947
  -3.000   0.1578   0.00840   0.00211  -0.0720  0.6482  0.2519  -0.7734   0.0000   0.7150
  -2.000   0.2517   0.00804   0.00200  -0.0796  0.6285  0.3587  -0.7234   0.0000   0.5695
  -1.000   0.3435   0.00769   0.00200  -0.0866  0.6079  0.5042  -0.7976   0.0000   0.5029
   0.000   0.4282   0.00717   0.00213  -0.0916  0.5858  0.7483  -0.8735   0.0000   0.4628
   1.000   0.5748   0.00727   0.00255  -0.1134  0.5613  0.9499  -0.9977   0.0000   0.4445
   2.000   0.6924   0.00768   0.00288  -0.1277  0.5351  0.9872  -1.1168   0.0000   0.4304
   3.000   0.8134   0.00814   0.00330  -0.1433  0.5050  1.0000  -1.2651   0.0000   0.4208
   4.000   0.8848   0.00866   0.00379  -0.1453  0.4689  1.0000  -1.4874   0.0000   0.4076
   5.000   0.9442   0.00954   0.00449  -0.1444  0.4120  1.0000  -1.7895   0.0000   0.3950
   6.000   0.9803   0.01077   0.00553  -0.1376  0.3463  1.0000  -2.1042   0.0000   0.3812
   7.000   0.9936   0.01275   0.00725  -0.1263  0.2724  1.0000  -2.4036   0.0000   0.3667
   8.000   1.0075   0.01591   0.01011  -0.1178  0.1895  1.0000  -2.7178   0.0000   0.3550
   9.000   1.0223   0.02004   0.01401  -0.1115  0.1203  1.0000  -3.0645   0.0000   0.3457
  10.000   1.0430   0.02457   0.01842  -0.1079  0.0792  1.0000  -3.4615   0.0000   0.3385
  11.000   1.0657   0.02948   0.02337  -0.1057  0.0562  1.0000  -3.8772   0.0000   0.3325
  12.000   1.0863   0.03515   0.02913  -0.1042  0.0431  1.0000  -4.2935   0.0000   0.3276
  13.000   1.1043   0.04152   0.03566  -0.1034  0.0341  1.0000  -4.7516   0.0000   0.3236
  14.000   1.1177   0.04885   0.04317  -0.1029  0.0285  1.0000  -5.2069   0.0000   0.3202
  15.000   1.1266   0.05716   0.05174  -0.1029  0.0250  1.0000  -5.6400   0.0000   0.3176
  16.000   1.1280   0.06676   0.06156  -0.1030  0.0219  1.0000  -6.0306   0.0000   0.3156
  17.000   1.1226   0.07772   0.07280  -0.1035  0.0197  1.0000  -6.3680   0.0000   0.3145
  18.000   1.1156   0.08922   0.08459  -0.1047  0.0177  1.0000  -6.6878   0.0000   0.3141
  19.000   1.1008   0.10215   0.09779  -0.1064  0.0162  1.0000  -6.9282   0.0000   0.3147
  20.000   1.0771   0.11685   0.11277  -0.1090  0.0148  1.0000  -7.0482   0.0000   0.3169


