xflr5 v6.49

 Calculated polar for: Aerofoil33

 1 1 Reynolds number fixed          Mach number fixed         

 xtrf =   1.000 (top)        1.000 (bottom)
 Mach =   0.000     Re =     0.500 e 6     Ncrit =   5.000

  alpha     CL        CD       CDp       Cm    Top Xtr Bot Xtr   Cpmin    Chinge    XCp    
 ------- -------- --------- --------- -------- ------- ------- -------- --------- ---------
 -20.000  -0.3620   0.15370   0.15119   0.0075  1.0000  0.0139  -2.3769   0.0000   0.2311
 -19.000  -0.3775   0.13458   0.13210   0.0024  1.0000  0.0164  -3.0450   0.0000   0.2223
 -18.000  -0.6501   0.06848   0.06544  -0.0083  1.0000  0.0200  -6.8620   0.0000   0.2224
 -17.000  -0.7288   0.04257   0.03902  -0.0206  0.9956  0.0203  -7.5375   0.0000   0.2115
 -16.000  -0.7296   0.02717   0.02303  -0.0358  0.9792  0.0212  -7.4150   0.0000   0.1930
 -15.000  -0.7040   0.02177   0.01717  -0.0371  0.9557  0.0222  -6.9138   0.0000   0.1903
 -14.000  -0.6343   0.01811   0.01322  -0.0427  0.9414  0.0256  -6.1561   0.0000   0.1756
 -13.000  -0.5537   0.01587   0.01065  -0.0481  0.9206  0.0287  -5.3604   0.0000   0.1556
 -12.000  -0.4783   0.01399   0.00852  -0.0514  0.8963  0.0329  -4.6253   0.0000   0.1344
 -11.000  -0.3962   0.01271   0.00698  -0.0556  0.8727  0.0383  -3.9440   0.0000   0.1002
 -10.000  -0.3113   0.01159   0.00568  -0.0604  0.8493  0.0465  -3.3168   0.0000   0.0444
  -9.000  -0.2234   0.01066   0.00461  -0.0659  0.8259  0.0582  -2.7162   0.0000  -0.0605
  -8.000  -0.1333   0.00990   0.00375  -0.0719  0.8019  0.0763  -2.1819   0.0000  -0.3146
  -6.000   0.0503   0.00880   0.00260  -0.0849  0.7517  0.1423  -1.3053   0.0000   1.9960
  -5.000   0.1426   0.00839   0.00226  -0.0917  0.7256  0.1981  -0.9637   0.0000   0.9118
  -4.000   0.2346   0.00807   0.00205  -0.0985  0.6985  0.2703  -0.6853   0.0000   0.6795
  -3.000   0.3257   0.00784   0.00198  -0.1051  0.6701  0.3594  -0.7166   0.0000   0.5781
  -2.000   0.4146   0.00767   0.00201  -0.1113  0.6400  0.4706  -0.7945   0.0000   0.5209
  -1.000   0.4998   0.00750   0.00218  -0.1164  0.6086  0.6187  -0.8798   0.0000   0.4834
   0.000   0.5774   0.00721   0.00251  -0.1192  0.5745  0.8643  -0.9730   0.0000   0.4551
   1.000   0.7251   0.00783   0.00305  -0.1420  0.5304  0.9933  -1.1426   0.0000   0.4427
   2.000   0.8084   0.00847   0.00354  -0.1473  0.4831  1.0000  -1.3101   0.0000   0.4274
   3.000   0.8536   0.00919   0.00409  -0.1422  0.4323  1.0000  -1.5003   0.0000   0.4103
   4.000   0.8950   0.01016   0.00489  -0.1366  0.3735  1.0000  -1.7399   0.0000   0.3948
   5.000   0.9316   0.01162   0.00612  -0.1306  0.3072  1.0000  -2.0162   0.0000   0.3808
   6.000   0.9670   0.01358   0.00785  -0.1255  0.2368  1.0000  -2.3351   0.0000   0.3688
   7.000   1.0001   0.01618   0.01020  -0.1210  0.1717  1.0000  -2.6818   0.0000   0.3584
   8.000   1.0331   0.01926   0.01313  -0.1177  0.1206  1.0000  -3.0627   0.0000   0.3497
   9.000   1.0637   0.02297   0.01676  -0.1152  0.0852  1.0000  -3.4550   0.0000   0.3422
  10.000   1.0931   0.02718   0.02100  -0.1134  0.0629  1.0000  -3.8988   0.0000   0.3359
  11.000   1.1196   0.03207   0.02601  -0.1123  0.0493  1.0000  -4.3441   0.0000   0.3305
  12.000   1.1402   0.03792   0.03203  -0.1113  0.0405  1.0000  -4.7727   0.0000   0.3259
  13.000   1.1532   0.04498   0.03926  -0.1104  0.0335  1.0000  -5.1722   0.0000   0.3220
  14.000   1.1618   0.05302   0.04753  -0.1101  0.0289  1.0000  -5.5904   0.0000   0.3190
  15.000   1.1591   0.06282   0.05760  -0.1098  0.0258  1.0000  -5.9532   0.0000   0.3167
  16.000   1.1529   0.07355   0.06863  -0.1100  0.0234  1.0000  -6.2872   0.0000   0.3153
  17.000   1.1343   0.08620   0.08154  -0.1103  0.0214  1.0000  -6.5254   0.0000   0.3148
  18.000   1.1075   0.10027   0.09590  -0.1109  0.0197  1.0000  -6.6714   0.0000   0.3155
  19.000   1.0899   0.11334   0.10930  -0.1131  0.0184  1.0000  -6.8567   0.0000   0.3169
  20.000   1.0711   0.12720   0.12344  -0.1168  0.0170  1.0000  -6.9882   0.0000   0.3198


