xflr5 v6.49

 Calculated polar for: Aerofoil67

 1 1 Reynolds number fixed          Mach number fixed         

 xtrf =   1.000 (top)        1.000 (bottom)
 Mach =   0.000     Re =     0.500 e 6     Ncrit =   5.000

  alpha     CL        CD       CDp       Cm    Top Xtr Bot Xtr   Cpmin    Chinge    XCp    
 ------- -------- --------- --------- -------- ------- ------- -------- --------- ---------
 -20.000  -0.7309   0.06941   0.06549  -0.0132  1.0000  0.0341  -5.8368   0.0000   0.2039
 -19.000  -0.7473   0.05550   0.05128  -0.0191  0.9983  0.0358  -5.7878   0.0000   0.1993
 -18.000  -0.7297   0.04346   0.03890  -0.0299  0.9906  0.0379  -5.5575   0.0000   0.1858
 -17.000  -0.7208   0.03334   0.02855  -0.0359  0.9512  0.0415  -5.3226   0.0000   0.1791
 -16.000  -0.6556   0.02652   0.02142  -0.0495  0.9283  0.0456  -4.8492   0.0000   0.1537
 -15.000  -0.5632   0.02115   0.01578  -0.0671  0.9037  0.0516  -4.2861   0.0000   0.1091
 -14.000  -0.5174   0.01830   0.01257  -0.0686  0.8639  0.0572  -3.8888   0.0000   0.0959
 -13.000  -0.4968   0.01611   0.01017  -0.0623  0.8325  0.0645  -3.5856   0.0000   0.1044
 -12.000  -0.4659   0.01461   0.00845  -0.0564  0.8069  0.0720  -3.2550   0.0000   0.1092
 -11.000  -0.4263   0.01341   0.00713  -0.0516  0.7842  0.0829  -2.9071   0.0000   0.1095
 -10.000  -0.3799   0.01242   0.00605  -0.0477  0.7643  0.0969  -2.5724   0.0000   0.1046
  -9.000  -0.3262   0.01162   0.00519  -0.0451  0.7455  0.1166  -2.2476   0.0000   0.0910
  -8.000  -0.2692   0.01107   0.00457  -0.0430  0.7258  0.1399  -1.9346   0.0000   0.0679
  -7.000  -0.1991   0.01047   0.00404  -0.0443  0.7082  0.1740  -1.6357   0.0000   0.0007
  -6.000  -0.1230   0.00996   0.00356  -0.0471  0.6908  0.2172  -1.3584   0.0000  -0.1705
  -5.000  -0.0444   0.00948   0.00320  -0.0505  0.6722  0.2717  -1.1119   0.0000  -0.9746
  -4.000   0.0367   0.00911   0.00296  -0.0546  0.6542  0.3329  -0.8970   0.0000   1.8245
  -3.000   0.1175   0.00881   0.00280  -0.0587  0.6355  0.4026  -0.7546   0.0000   0.7689
  -2.000   0.1974   0.00858   0.00272  -0.0625  0.6155  0.4754  -0.8200   0.0000   0.5736
  -1.000   0.2755   0.00842   0.00276  -0.0658  0.5961  0.5531  -0.8888   0.0000   0.4904
   0.000   0.3483   0.00831   0.00287  -0.0677  0.5759  0.6333  -0.9598   0.0000   0.4427
   1.000   0.4097   0.00828   0.00303  -0.0665  0.5545  0.7184  -1.0303   0.0000   0.4082
   2.000   0.4636   0.00838   0.00339  -0.0634  0.5316  0.8140  -1.1026   0.0000   0.3804
   3.000   0.5674   0.00901   0.00420  -0.0743  0.5054  0.8999  -1.2222   0.0000   0.3730
   4.000   0.6954   0.00997   0.00516  -0.0923  0.4747  0.9363  -1.3871   0.0000   0.3735
   5.000   0.7748   0.01115   0.00630  -0.0977  0.4401  0.9695  -1.5490   0.0000   0.3654
   6.000   0.8629   0.01265   0.00770  -0.1066  0.3980  0.9942  -1.7730   0.0000   0.3613
   7.000   0.9197   0.01472   0.00965  -0.1083  0.3515  1.0000  -2.0003   0.0000   0.3539
   8.000   0.9336   0.01730   0.01211  -0.0998  0.3079  1.0000  -2.1840   0.0000   0.3413
   9.000   0.9525   0.02072   0.01541  -0.0940  0.2608  1.0000  -2.3908   0.0000   0.3313
  10.000   0.9695   0.02501   0.01957  -0.0894  0.2146  1.0000  -2.6166   0.0000   0.3229
  11.000   0.9861   0.03005   0.02452  -0.0859  0.1743  1.0000  -2.8469   0.0000   0.3160
  12.000   1.0039   0.03556   0.02997  -0.0838  0.1410  1.0000  -3.1035   0.0000   0.3103
  14.000   1.0336   0.04858   0.04305  -0.0815  0.0947  1.0000  -3.6196   0.0000   0.3018
  15.000   1.0443   0.05621   0.05074  -0.0813  0.0787  1.0000  -3.8875   0.0000   0.2987
  16.000   1.0524   0.06450   0.05917  -0.0815  0.0675  1.0000  -4.1452   0.0000   0.2963
  17.000   1.0585   0.07344   0.06826  -0.0824  0.0591  1.0000  -4.3927   0.0000   0.2945
  18.000   1.0559   0.08379   0.07877  -0.0834  0.0516  1.0000  -4.6075   0.0000   0.2934
  19.000   1.0555   0.09417   0.08934  -0.0853  0.0457  1.0000  -4.8490   0.0000   0.2930
  20.000   1.0500   0.10545   0.10084  -0.0878  0.0415  1.0000  -5.0543   0.0000   0.2933


