xflr5 v6.49

 Calculated polar for: Aerofoil34

 1 1 Reynolds number fixed          Mach number fixed         

 xtrf =   1.000 (top)        1.000 (bottom)
 Mach =   0.000     Re =     0.500 e 6     Ncrit =   5.000

  alpha     CL        CD       CDp       Cm    Top Xtr Bot Xtr   Cpmin    Chinge    XCp    
 ------- -------- --------- --------- -------- ------- ------- -------- --------- ---------
 -20.000  -0.3153   0.16289   0.16048  -0.0047  1.0000  0.0120  -2.2628   0.0000   0.1782
 -19.000  -0.2823   0.14826   0.14582  -0.0180  0.9974  0.0133  -2.3817   0.0000   0.1281
 -18.000  -0.5122   0.08013   0.07727  -0.0310  0.9942  0.0179  -6.4373   0.0000   0.1591
 -17.000  -0.5902   0.05209   0.04869  -0.0437  0.9723  0.0182  -7.2287   0.0000   0.1524
 -16.000  -0.6079   0.03615   0.03225  -0.0543  0.9504  0.0189  -7.2398   0.0000   0.1407
 -15.000  -0.5609   0.02643   0.02201  -0.0702  0.9304  0.0204  -6.7377   0.0000   0.1059
 -14.000  -0.5043   0.02088   0.01595  -0.0802  0.8981  0.0220  -6.1123   0.0000   0.0723
 -12.000  -0.4720   0.01613   0.01051  -0.0656  0.8337  0.0268  -5.1543   0.0000   0.0952
 -11.000  -0.4384   0.01482   0.00893  -0.0592  0.8119  0.0290  -4.6054   0.0000   0.0998
 -10.000  -0.3799   0.01349   0.00742  -0.0586  0.7936  0.0340  -3.9714   0.0000   0.0800
  -9.000  -0.3073   0.01243   0.00615  -0.0612  0.7757  0.0411  -3.3818   0.0000   0.0336
  -8.000  -0.2278   0.01150   0.00511  -0.0654  0.7593  0.0509  -2.8069   0.0000  -0.0575
  -7.000  -0.1434   0.01076   0.00427  -0.0707  0.7432  0.0674  -2.2491   0.0000  -0.2717
  -6.000  -0.0569   0.01008   0.00355  -0.0766  0.7261  0.0952  -1.7743   0.0000  -1.1587
  -5.000   0.0310   0.00945   0.00305  -0.0829  0.7109  0.1450  -1.3427   0.0000   3.0201
  -4.000   0.1195   0.00888   0.00263  -0.0895  0.6939  0.2297  -0.9888   0.0000   1.0188
  -3.000   0.2072   0.00831   0.00239  -0.0958  0.6772  0.3541  -0.7443   0.0000   0.7212
  -2.000   0.2948   0.00789   0.00231  -0.1021  0.6612  0.4956  -0.8057   0.0000   0.6000
  -1.000   0.3820   0.00767   0.00235  -0.1081  0.6432  0.6199  -0.8703   0.0000   0.5338
   1.000   0.5507   0.00764   0.00276  -0.1183  0.6078  0.8039  -1.0090   0.0000   0.4620
   2.000   0.6291   0.00781   0.00306  -0.1218  0.5875  0.8848  -1.0826   0.0000   0.4392
   3.000   0.7399   0.00826   0.00362  -0.1345  0.5664  0.9489  -1.1847   0.0000   0.4262
   4.000   0.8502   0.00885   0.00422  -0.1476  0.5427  0.9923  -1.2996   0.0000   0.4168
   5.000   0.9180   0.00946   0.00482  -0.1493  0.5154  1.0000  -1.4833   0.0000   0.4045
   6.000   0.9442   0.01046   0.00574  -0.1403  0.4722  1.0000  -1.7197   0.0000   0.3891
   7.000   0.9629   0.01232   0.00742  -0.1308  0.4106  1.0000  -1.9815   0.0000   0.3749
   8.000   0.9800   0.01514   0.01004  -0.1227  0.3403  1.0000  -2.2720   0.0000   0.3627
   9.000   0.9845   0.01951   0.01409  -0.1138  0.2513  1.0000  -2.5429   0.0000   0.3516
  10.000   0.9839   0.02519   0.01940  -0.1061  0.1588  1.0000  -2.8135   0.0000   0.3421
  11.000   0.9954   0.03087   0.02486  -0.1017  0.0995  1.0000  -3.1518   0.0000   0.3348
  12.000   1.0125   0.03666   0.03061  -0.0993  0.0659  1.0000  -3.5186   0.0000   0.3290
  13.000   1.0343   0.04251   0.03653  -0.0983  0.0493  1.0000  -3.9127   0.0000   0.3243
  14.000   1.0522   0.04900   0.04313  -0.0975  0.0380  1.0000  -4.3253   0.0000   0.3202
  15.000   1.0671   0.05622   0.05053  -0.0971  0.0314  1.0000  -4.7593   0.0000   0.3167
  16.000   1.0758   0.06433   0.05882  -0.0967  0.0267  1.0000  -5.1671   0.0000   0.3138
  17.000   1.0833   0.07291   0.06764  -0.0969  0.0235  1.0000  -5.5717   0.0000   0.3114
  18.000   1.0781   0.08326   0.07820  -0.0968  0.0205  1.0000  -5.8968   0.0000   0.3097
  19.000   1.0788   0.09302   0.08824  -0.0979  0.0186  1.0000  -6.2558   0.0000   0.3085
  20.000   1.0710   0.10407   0.09955  -0.0992  0.0169  1.0000  -6.5450   0.0000   0.3081


