xflr5 v6.49

 Calculated polar for: Aerofoil87

 1 1 Reynolds number fixed          Mach number fixed         

 xtrf =   1.000 (top)        1.000 (bottom)
 Mach =   0.000     Re =     0.500 e 6     Ncrit =   5.000

  alpha     CL        CD       CDp       Cm    Top Xtr Bot Xtr   Cpmin    Chinge    XCp    
 ------- -------- --------- --------- -------- ------- ------- -------- --------- ---------
 -19.000  -0.6754   0.09121   0.08815   0.0172  1.0000  0.0202  -6.3353   0.0000   0.2571
 -18.000  -0.7398   0.06839   0.06497   0.0106  1.0000  0.0208  -6.8778   0.0000   0.2492
 -17.000  -0.7932   0.05000   0.04621   0.0057  1.0000  0.0212  -7.1623   0.0000   0.2448
 -16.000  -0.8305   0.03538   0.03121   0.0020  1.0000  0.0217  -7.2126   0.0000   0.2423
 -15.000  -0.8618   0.02460   0.02004   0.0024  1.0000  0.0227  -7.1251   0.0000   0.2444
 -14.000  -0.8748   0.02049   0.01570   0.0128  0.9970  0.0245  -6.7943   0.0000   0.2573
 -13.000  -0.7842   0.01768   0.01261   0.0032  0.9626  0.0282  -5.9248   0.0000   0.2472
 -12.000  -0.7008   0.01532   0.00996  -0.0030  0.9194  0.0325  -5.1349   0.0000   0.2389
 -11.000  -0.6237   0.01388   0.00822  -0.0063  0.8820  0.0373  -4.3999   0.0000   0.2333
 -10.000  -0.5409   0.01254   0.00669  -0.0109  0.8507  0.0461  -3.7589   0.0000   0.2232
  -9.000  -0.4525   0.01142   0.00539  -0.0166  0.8225  0.0575  -3.1349   0.0000   0.2062
  -8.000  -0.3605   0.01045   0.00434  -0.0232  0.7957  0.0769  -2.5441   0.0000   0.1777
  -7.000  -0.2659   0.00967   0.00351  -0.0305  0.7693  0.1051  -2.0421   0.0000   0.1259
  -6.000  -0.1696   0.00900   0.00284  -0.0381  0.7427  0.1451  -1.5932   0.0000   0.0119
  -5.000  -0.0720   0.00846   0.00235  -0.0462  0.7157  0.1982  -1.2145   0.0000  -0.4175
  -4.000   0.0262   0.00804   0.00203  -0.0544  0.6877  0.2619  -0.9049   0.0000   2.3855
  -3.000   0.1249   0.00775   0.00183  -0.0628  0.6581  0.3315  -0.6579   0.0000   0.7624
  -2.000   0.2235   0.00757   0.00176  -0.0712  0.6266  0.4054  -0.6312   0.0000   0.5719
  -1.000   0.3214   0.00749   0.00180  -0.0795  0.5922  0.4823  -0.7244   0.0000   0.4978
   0.000   0.4183   0.00751   0.00195  -0.0876  0.5554  0.5652  -0.8335   0.0000   0.4580
   1.000   0.5128   0.00760   0.00222  -0.0951  0.5120  0.6636  -0.9687   0.0000   0.4326
   2.000   0.6013   0.00769   0.00261  -0.1010  0.4616  0.8086  -1.1481   0.0000   0.4137
   3.000   0.7118   0.00819   0.00316  -0.1130  0.3933  1.0000  -1.4348   0.0000   0.4034
   4.000   0.7905   0.00924   0.00389  -0.1171  0.3164  1.0000  -1.7522   0.0000   0.3915
   5.000   0.8624   0.01057   0.00488  -0.1197  0.2345  1.0000  -2.1228   0.0000   0.3809
   6.000   0.9230   0.01213   0.00615  -0.1198  0.1636  1.0000  -2.5195   0.0000   0.3706
   7.000   0.9606   0.01377   0.00762  -0.1144  0.1160  1.0000  -2.9110   0.0000   0.3586
   8.000   0.9947   0.01583   0.00961  -0.1093  0.0841  1.0000  -3.3137   0.0000   0.3481
   9.000   1.0276   0.01835   0.01214  -0.1053  0.0644  1.0000  -3.7358   0.0000   0.3393
  10.000   1.0582   0.02148   0.01536  -0.1022  0.0506  1.0000  -4.2040   0.0000   0.3319
  11.000   1.0841   0.02544   0.01944  -0.0996  0.0419  1.0000  -4.6646   0.0000   0.3256
  12.000   1.1033   0.03049   0.02466  -0.0974  0.0354  1.0000  -5.1014   0.0000   0.3204
  13.000   1.1209   0.03644   0.03083  -0.0965  0.0308  1.0000  -5.5347   0.0000   0.3164
  14.000   1.1260   0.04449   0.03908  -0.0959  0.0270  1.0000  -5.8996   0.0000   0.3136
  15.000   1.1322   0.05349   0.04840  -0.0969  0.0247  1.0000  -6.3144   0.0000   0.3122
  16.000   1.1279   0.06490   0.06009  -0.0990  0.0225  1.0000  -6.6489   0.0000   0.3124
  17.000   1.1088   0.07981   0.07530  -0.1023  0.0206  1.0000  -6.8427   0.0000   0.3148
  18.000   1.0954   0.09509   0.09094  -0.1074  0.0196  1.0000  -7.0427   0.0000   0.3184
  19.000   1.0799   0.11140   0.10761  -0.1137  0.0184  1.0000  -7.1819   0.0000   0.3235
  20.000   1.0610   0.12858   0.12509  -0.1210  0.0171  1.0000  -7.2368   0.0000   0.3300


