xflr5 v6.49

 Calculated polar for: Aerofoil76

 1 1 Reynolds number fixed          Mach number fixed         

 xtrf =   1.000 (top)        1.000 (bottom)
 Mach =   0.000     Re =     0.500 e 6     Ncrit =   5.000

  alpha     CL        CD       CDp       Cm    Top Xtr Bot Xtr   Cpmin    Chinge    XCp    
 ------- -------- --------- --------- -------- ------- ------- -------- --------- ---------
 -20.000  -0.6656   0.11009   0.10721   0.0257  1.0000  0.0197  -5.9410   0.0000   0.2666
 -19.000  -0.7456   0.08280   0.07950   0.0181  1.0000  0.0204  -6.7350   0.0000   0.2561
 -18.000  -0.8042   0.06201   0.05834   0.0125  1.0000  0.0209  -7.1131   0.0000   0.2503
 -17.000  -0.8543   0.04460   0.04053   0.0084  1.0000  0.0214  -7.2976   0.0000   0.2472
 -16.000  -0.8838   0.03150   0.02702   0.0059  1.0000  0.0220  -7.2353   0.0000   0.2461
 -15.000  -0.9054   0.02368   0.01886   0.0106  1.0000  0.0236  -7.0162   0.0000   0.2527
 -14.000  -0.9084   0.02054   0.01551   0.0214  0.9994  0.0256  -6.6105   0.0000   0.2656
 -13.000  -0.8291   0.01798   0.01266   0.0150  0.9740  0.0288  -5.8060   0.0000   0.2605
 -12.000  -0.7422   0.01550   0.00998   0.0076  0.9472  0.0342  -5.0101   0.0000   0.2530
 -11.000  -0.6652   0.01390   0.00813   0.0041  0.9138  0.0402  -4.2960   0.0000   0.2491
 -10.000  -0.5905   0.01269   0.00674   0.0017  0.8840  0.0492  -3.6913   0.0000   0.2460
  -9.000  -0.5100   0.01162   0.00554  -0.0020  0.8581  0.0617  -3.0992   0.0000   0.2391
  -8.000  -0.4245   0.01074   0.00453  -0.0069  0.8336  0.0804  -2.5387   0.0000   0.2265
  -7.000  -0.3360   0.00992   0.00372  -0.0126  0.8099  0.1094  -2.0552   0.0000   0.2046
  -6.000  -0.2452   0.00920   0.00306  -0.0189  0.7861  0.1501  -1.6235   0.0000   0.1636
  -5.000  -0.1526   0.00861   0.00255  -0.0257  0.7616  0.2029  -1.2560   0.0000   0.0691
  -4.000  -0.0589   0.00814   0.00219  -0.0327  0.7355  0.2662  -0.9531   0.0000  -0.3330
  -3.000   0.0353   0.00776   0.00195  -0.0400  0.7074  0.3386  -0.7102   0.0000   1.4155
  -2.000   0.1293   0.00747   0.00181  -0.0472  0.6760  0.4202  -0.5373   0.0000   0.6207
  -1.000   0.2220   0.00727   0.00178  -0.0541  0.6404  0.5152  -0.6240   0.0000   0.4946
   0.000   0.3123   0.00706   0.00187  -0.0603  0.5987  0.6357  -0.7297   0.0000   0.4420
   2.000   0.5368   0.00746   0.00268  -0.0848  0.4718  0.9429  -1.1151   0.0000   0.4039
   3.000   0.6419   0.00846   0.00333  -0.0958  0.3782  0.9808  -1.4094   0.0000   0.3940
   4.000   0.7510   0.00982   0.00424  -0.1085  0.2696  0.9987  -1.8003   0.0000   0.3881
   5.000   0.8132   0.01114   0.00522  -0.1086  0.1899  1.0000  -2.1613   0.0000   0.3760
   6.000   0.8605   0.01252   0.00638  -0.1049  0.1343  1.0000  -2.5287   0.0000   0.3631
   7.000   0.8928   0.01395   0.00769  -0.0976  0.0993  1.0000  -2.9076   0.0000   0.3494
   8.000   0.9322   0.01577   0.00949  -0.0933  0.0738  1.0000  -3.3317   0.0000   0.3389
   9.000   0.9742   0.01794   0.01169  -0.0908  0.0581  1.0000  -3.7832   0.0000   0.3306
  10.000   1.0126   0.02073   0.01455  -0.0887  0.0461  1.0000  -4.2919   0.0000   0.3235
  11.000   1.0481   0.02412   0.01810  -0.0871  0.0388  1.0000  -4.8032   0.0000   0.3176
  12.000   1.0759   0.02851   0.02267  -0.0856  0.0335  1.0000  -5.2908   0.0000   0.3124
  13.000   1.0980   0.03393   0.02827  -0.0846  0.0288  1.0000  -5.7615   0.0000   0.3083
  14.000   1.1109   0.04088   0.03548  -0.0840  0.0260  1.0000  -6.1794   0.0000   0.3050
  15.000   1.1169   0.04938   0.04429  -0.0843  0.0237  1.0000  -6.5969   0.0000   0.3029
  16.000   1.1086   0.06052   0.05570  -0.0850  0.0217  1.0000  -6.9190   0.0000   0.3021
  17.000   1.0848   0.07468   0.07020  -0.0864  0.0203  1.0000  -7.0949   0.0000   0.3030
  18.000   1.0618   0.08961   0.08549  -0.0890  0.0195  1.0000  -7.2404   0.0000   0.3050
  19.000   1.0316   0.10635   0.10260  -0.0925  0.0185  1.0000  -7.2738   0.0000   0.3087
  20.000   0.9999   0.12411   0.12069  -0.0975  0.0175  1.0000  -7.2213   0.0000   0.3142


