xflr5 v6.49

 Calculated polar for: Aerofoil20

 1 1 Reynolds number fixed          Mach number fixed         

 xtrf =   1.000 (top)        1.000 (bottom)
 Mach =   0.000     Re =     0.500 e 6     Ncrit =   5.000

  alpha     CL        CD       CDp       Cm    Top Xtr Bot Xtr   Cpmin    Chinge    XCp    
 ------- -------- --------- --------- -------- ------- ------- -------- --------- ---------
 -20.000  -0.5630   0.09436   0.09119  -0.0240  0.9966  0.0248  -5.8858   0.0000   0.1690
 -19.000  -0.5858   0.07443   0.07091  -0.0362  0.9908  0.0264  -6.0542   0.0000   0.1540
 -18.000  -0.5987   0.05894   0.05509  -0.0452  0.9701  0.0277  -6.0360   0.0000   0.1437
 -17.000  -0.5966   0.04637   0.04217  -0.0539  0.9517  0.0287  -5.8643   0.0000   0.1317
 -16.000  -0.5816   0.03448   0.02997  -0.0658  0.9324  0.0313  -5.6114   0.0000   0.1112
 -15.000  -0.5038   0.02635   0.02149  -0.0862  0.9168  0.0350  -5.0631   0.0000   0.0523
 -14.000  -0.4648   0.02120   0.01597  -0.0919  0.8818  0.0386  -4.6583   0.0000   0.0266
 -13.000  -0.4532   0.01781   0.01232  -0.0872  0.8504  0.0429  -4.3303   0.0000   0.0340
 -12.000  -0.4386   0.01561   0.00981  -0.0801  0.8244  0.0466  -3.9838   0.0000   0.0457
 -11.000  -0.4256   0.01415   0.00816  -0.0699  0.8020  0.0527  -3.6385   0.0000   0.0656
 -10.000  -0.3716   0.01307   0.00694  -0.0685  0.7838  0.0625  -3.1752   0.0000   0.0451
  -9.000  -0.3005   0.01211   0.00588  -0.0710  0.7674  0.0762  -2.7279   0.0000  -0.0089
  -8.000  -0.2204   0.01127   0.00495  -0.0756  0.7514  0.0977  -2.2788   0.0000  -0.1201
  -7.000  -0.1361   0.01050   0.00422  -0.0812  0.7361  0.1291  -1.8723   0.0000  -0.3848
  -6.000  -0.0476   0.00986   0.00360  -0.0877  0.7207  0.1743  -1.4993   0.0000  -1.6883
  -5.000   0.0422   0.00928   0.00316  -0.0946  0.7056  0.2332  -1.1823   0.0000   2.5792
  -4.000   0.1339   0.00885   0.00285  -0.1019  0.6902  0.3013  -0.9116   0.0000   1.0331
  -3.000   0.2258   0.00854   0.00266  -0.1092  0.6737  0.3702  -0.7980   0.0000   0.7431
  -2.000   0.3181   0.00839   0.00263  -0.1166  0.6587  0.4351  -0.8620   0.0000   0.6205
  -1.000   0.4092   0.00835   0.00264  -0.1236  0.6413  0.4949  -0.9296   0.0000   0.5528
   0.000   0.4968   0.00834   0.00280  -0.1298  0.6247  0.5511  -0.9988   0.0000   0.5096
   1.000   0.5809   0.00845   0.00301  -0.1349  0.6073  0.6031  -1.0702   0.0000   0.4790
   3.000   0.7181   0.00884   0.00368  -0.1372  0.5681  0.7066  -1.2102   0.0000   0.4346
   4.000   0.7773   0.00924   0.00427  -0.1360  0.5469  0.7657  -1.2851   0.0000   0.4173
   5.000   0.8269   0.00975   0.00504  -0.1326  0.5230  0.8528  -1.3694   0.0000   0.4013
   6.000   0.9038   0.01070   0.00611  -0.1375  0.4885  1.0000  -1.5866   0.0000   0.3917
   7.000   0.9333   0.01231   0.00761  -0.1308  0.4419  1.0000  -1.7946   0.0000   0.3782
   8.000   0.9551   0.01468   0.00982  -0.1234  0.3894  1.0000  -2.0191   0.0000   0.3658
   9.000   0.9684   0.01808   0.01304  -0.1156  0.3274  1.0000  -2.2472   0.0000   0.3544
  10.000   0.9724   0.02280   0.01750  -0.1077  0.2548  1.0000  -2.4697   0.0000   0.3441
  11.000   0.9773   0.02845   0.02289  -0.1017  0.1842  1.0000  -2.7021   0.0000   0.3357
  12.000   0.9878   0.03445   0.02874  -0.0979  0.1322  1.0000  -2.9725   0.0000   0.3291
  13.000   1.0024   0.04061   0.03480  -0.0956  0.0960  1.0000  -3.2591   0.0000   0.3236
  14.000   1.0190   0.04686   0.04106  -0.0942  0.0746  1.0000  -3.5595   0.0000   0.3190
  15.000   1.0343   0.05357   0.04787  -0.0933  0.0596  1.0000  -3.8944   0.0000   0.3150
  16.000   1.0464   0.06088   0.05530  -0.0928  0.0496  1.0000  -4.2205   0.0000   0.3116
  17.000   1.0563   0.06892   0.06349  -0.0929  0.0425  1.0000  -4.5384   0.0000   0.3090
  18.000   1.0642   0.07767   0.07240  -0.0938  0.0367  1.0000  -4.8470   0.0000   0.3073
  19.000   1.0696   0.08730   0.08225  -0.0957  0.0324  1.0000  -5.1383   0.0000   0.3066
  20.000   1.0710   0.09781   0.09296  -0.0983  0.0288  1.0000  -5.4285   0.0000   0.3067


