xflr5 v6.49

 Calculated polar for: Aerofoil73

 1 1 Reynolds number fixed          Mach number fixed         

 xtrf =   1.000 (top)        1.000 (bottom)
 Mach =   0.000     Re =     0.500 e 6     Ncrit =   5.000

  alpha     CL        CD       CDp       Cm    Top Xtr Bot Xtr   Cpmin    Chinge    XCp    
 ------- -------- --------- --------- -------- ------- ------- -------- --------- ---------
 -20.000  -0.4624   0.17433   0.17175   0.0345  1.0000  0.0117  -2.4519   0.0000   0.2940
 -19.000  -0.4465   0.16170   0.15913   0.0276  1.0000  0.0131  -2.5938   0.0000   0.2830
 -18.000  -0.6114   0.10473   0.10192   0.0164  1.0000  0.0185  -5.8420   0.0000   0.2543
 -17.000  -0.6909   0.07752   0.07432   0.0094  1.0000  0.0192  -6.7015   0.0000   0.2445
 -16.000  -0.7406   0.05879   0.05527   0.0048  1.0000  0.0198  -7.0229   0.0000   0.2400
 -15.000  -0.7864   0.04375   0.03991   0.0029  1.0000  0.0204  -7.1734   0.0000   0.2396
 -14.000  -0.8278   0.03211   0.02794   0.0046  1.0000  0.0209  -7.1792   0.0000   0.2437
 -13.000  -0.8199   0.02245   0.01785  -0.0033  0.9871  0.0223  -6.8594   0.0000   0.2356
 -12.000  -0.7320   0.01837   0.01349  -0.0164  0.9739  0.0262  -6.0009   0.0000   0.2178
 -11.000  -0.6457   0.01567   0.01052  -0.0250  0.9582  0.0304  -5.1797   0.0000   0.2018
 -10.000  -0.5375   0.01365   0.00827  -0.0380  0.9471  0.0366  -4.2937   0.0000   0.1698
  -9.000  -0.4415   0.01204   0.00654  -0.0470  0.9269  0.0469  -3.5798   0.0000   0.1338
  -8.000  -0.3426   0.01074   0.00516  -0.0562  0.9052  0.0622  -2.9189   0.0000   0.0752
  -7.000  -0.2441   0.00971   0.00407  -0.0651  0.8806  0.0861  -2.3186   0.0000  -0.0291
  -5.000  -0.0456   0.00821   0.00260  -0.0828  0.8250  0.1756  -1.3810   0.0000  -1.6084
  -4.000   0.0544   0.00771   0.00215  -0.0917  0.7940  0.2371  -1.0245   0.0000   1.9648
  -3.000   0.1547   0.00739   0.00187  -0.1007  0.7608  0.3021  -0.7454   0.0000   0.9082
  -2.000   0.2545   0.00723   0.00173  -0.1094  0.7249  0.3643  -0.5653   0.0000   0.6824
  -1.000   0.3539   0.00718   0.00173  -0.1180  0.6864  0.4233  -0.6483   0.0000   0.5838
   0.000   0.4516   0.00729   0.00183  -0.1262  0.6419  0.4788  -0.7461   0.0000   0.5282
   1.000   0.5479   0.00751   0.00205  -0.1340  0.5906  0.5319  -0.8707   0.0000   0.4921
   2.000   0.6413   0.00789   0.00239  -0.1411  0.5286  0.5852  -1.0492   0.0000   0.4666
   3.000   0.7299   0.00851   0.00292  -0.1471  0.4482  0.6399  -1.3033   0.0000   0.4470
   4.000   0.8120   0.00946   0.00368  -0.1515  0.3495  0.6977  -1.6297   0.0000   0.4312
   5.000   0.8865   0.01071   0.00469  -0.1543  0.2454  0.7683  -2.0134   0.0000   0.4176
   6.000   0.9476   0.01187   0.00584  -0.1534  0.1598  1.0000  -2.4242   0.0000   0.4045
   7.000   1.0071   0.01348   0.00719  -0.1528  0.1034  1.0000  -2.8931   0.0000   0.3933
   8.000   1.0578   0.01517   0.00879  -0.1503  0.0723  1.0000  -3.3704   0.0000   0.3826
   9.000   1.1042   0.01717   0.01076  -0.1475  0.0527  1.0000  -3.9066   0.0000   0.3730
  10.000   1.1468   0.01954   0.01323  -0.1446  0.0419  1.0000  -4.4500   0.0000   0.3644
  11.000   1.1825   0.02260   0.01641  -0.1415  0.0343  1.0000  -4.9827   0.0000   0.3567
  12.000   1.2114   0.02653   0.02051  -0.1384  0.0285  1.0000  -5.5050   0.0000   0.3499
  13.000   1.2353   0.03144   0.02568  -0.1359  0.0254  1.0000  -6.0716   0.0000   0.3443
  14.000   1.2498   0.03797   0.03243  -0.1339  0.0225  1.0000  -6.5942   0.0000   0.3399
  15.000   1.2523   0.04687   0.04166  -0.1327  0.0205  1.0000  -7.0305   0.0000   0.3370
  16.000   1.2545   0.05728   0.05243  -0.1337  0.0190  1.0000  -7.4567   0.0000   0.3358
  17.000   1.2478   0.07047   0.06596  -0.1365  0.0173  1.0000  -7.8022   0.0000   0.3367
  18.000   1.2267   0.08765   0.08352  -0.1412  0.0161  1.0000  -7.9892   0.0000   0.3404
  19.000   1.1934   0.10841   0.10467  -0.1482  0.0150  1.0000  -7.9812   0.0000   0.3473
  20.000   1.1705   0.12759   0.12425  -0.1564  0.0146  1.0000  -7.9978   0.0000   0.3545


