xflr5 v6.49

 Calculated polar for: Aerofoil95

 1 1 Reynolds number fixed          Mach number fixed         

 xtrf =   1.000 (top)        1.000 (bottom)
 Mach =   0.000     Re =     0.500 e 6     Ncrit =   5.000

  alpha     CL        CD       CDp       Cm    Top Xtr Bot Xtr   Cpmin    Chinge    XCp    
 ------- -------- --------- --------- -------- ------- ------- -------- --------- ---------
 -20.000  -0.3758   0.18013   0.17770   0.0184  1.0000  0.0079  -1.7105   0.0000   0.2621
 -19.000  -0.3529   0.16940   0.16699   0.0116  1.0000  0.0087  -1.8311   0.0000   0.2471
 -17.000  -0.3140   0.14671   0.14435  -0.0009  1.0000  0.0097  -1.9956   0.0000   0.2142
 -16.000  -0.2981   0.13565   0.13333  -0.0057  1.0000  0.0091  -2.0130   0.0000   0.1992
 -15.000  -0.2905   0.12222   0.11994  -0.0104  0.9997  0.0093  -2.4233   0.0000   0.1847
 -14.000  -0.2705   0.10365   0.10137  -0.0235  0.9953  0.0107  -2.9878   0.0000   0.1347
 -13.000  -0.5404   0.02980   0.02668  -0.0496  0.9486  0.0106  -8.5166   0.0000   0.1461
 -11.000  -0.5187   0.02000   0.01553  -0.0387  0.8569  0.0123  -7.3437   0.0000   0.1659
 -10.000  -0.4635   0.01721   0.01216  -0.0382  0.8327  0.0142  -6.4187   0.0000   0.1583
  -9.000  -0.3964   0.01456   0.00897  -0.0400  0.8110  0.0160  -5.4792   0.0000   0.1399
  -8.000  -0.3165   0.01288   0.00698  -0.0444  0.7918  0.0191  -4.5385   0.0000   0.0996
  -7.000  -0.2318   0.01152   0.00536  -0.0499  0.7741  0.0241  -3.7047   0.0000   0.0230
  -6.000  -0.1435   0.01048   0.00410  -0.0562  0.7551  0.0318  -2.9061   0.0000  -0.1576
  -5.000  -0.0523   0.00971   0.00321  -0.0632  0.7374  0.0468  -2.1452   0.0000  -0.9945
  -4.000   0.0398   0.00908   0.00256  -0.0704  0.7201  0.0797  -1.5499   0.0000   2.0585
  -3.000   0.1320   0.00849   0.00211  -0.0778  0.7018  0.1542  -1.0317   0.0000   0.8485
  -2.000   0.2229   0.00785   0.00187  -0.0851  0.6840  0.3098  -0.6490   0.0000   0.6349
  -1.000   0.3080   0.00702   0.00179  -0.0907  0.6652  0.6018  -0.7086   0.0000   0.5453
   0.000   0.4160   0.00654   0.00205  -0.1018  0.6458  0.9189  -0.7856   0.0000   0.4939
   1.000   0.5438   0.00689   0.00233  -0.1189  0.6261  0.9666  -0.8790   0.0000   0.4666
   2.000   0.6787   0.00717   0.00256  -0.1384  0.6044  0.9917  -0.9856   0.0000   0.4508
   3.000   0.7918   0.00750   0.00289  -0.1519  0.5800  1.0000  -1.0892   0.0000   0.4377
   4.000   0.8646   0.00786   0.00328  -0.1543  0.5528  1.0000  -1.4071   0.0000   0.4233
   5.000   0.9137   0.00881   0.00391  -0.1503  0.4604  1.0000  -1.8171   0.0000   0.4083
   6.000   0.9341   0.01029   0.00502  -0.1391  0.3562  1.0000  -2.2157   0.0000   0.3917
   7.000   0.9219   0.01327   0.00739  -0.1217  0.2053  1.0000  -2.5133   0.0000   0.3736
   8.000   0.9261   0.01717   0.01077  -0.1111  0.0847  1.0000  -2.9117   0.0000   0.3604
   9.000   0.9534   0.02066   0.01414  -0.1068  0.0425  1.0000  -3.4577   0.0000   0.3512
  10.000   0.9851   0.02439   0.01795  -0.1043  0.0279  1.0000  -4.0468   0.0000   0.3437
  11.000   1.0149   0.02862   0.02233  -0.1023  0.0207  1.0000  -4.6510   0.0000   0.3373
  12.000   1.0423   0.03348   0.02740  -0.1009  0.0164  1.0000  -5.2697   0.0000   0.3318
  13.000   1.0617   0.03944   0.03361  -0.0992  0.0140  1.0000  -5.9044   0.0000   0.3269
  14.000   1.0783   0.04617   0.04063  -0.0982  0.0121  1.0000  -6.5815   0.0000   0.3229
  15.000   1.0843   0.05447   0.04919  -0.0970  0.0106  1.0000  -7.1789   0.0000   0.3196
  16.000   1.0855   0.06386   0.05891  -0.0962  0.0097  1.0000  -7.7271   0.0000   0.3170
  17.000   1.0869   0.07378   0.06919  -0.0966  0.0087  1.0000  -8.2889   0.0000   0.3154
  18.000   1.0788   0.08542   0.08118  -0.0973  0.0079  1.0000  -8.7446   0.0000   0.3148
  19.000   1.0606   0.09908   0.09521  -0.0988  0.0074  1.0000  -9.0526   0.0000   0.3157
  20.000   1.0346   0.11477   0.11127  -0.1017  0.0070  1.0000  -9.1947   0.0000   0.3186


