xflr5 v6.49

 Calculated polar for: Aerofoil60

 1 1 Reynolds number fixed          Mach number fixed         

 xtrf =   1.000 (top)        1.000 (bottom)
 Mach =   0.000     Re =     0.500 e 6     Ncrit =   5.000

  alpha     CL        CD       CDp       Cm    Top Xtr Bot Xtr   Cpmin    Chinge    XCp    
 ------- -------- --------- --------- -------- ------- ------- -------- --------- ---------
 -20.000  -0.4047   0.15518   0.15272   0.0146  1.0000  0.0115  -2.6241   0.0000   0.2519
 -19.000  -0.3945   0.14461   0.14218   0.0107  1.0000  0.0125  -2.6591   0.0000   0.2454
 -18.000  -0.6959   0.06711   0.06411  -0.0016  1.0000  0.0155  -7.6574   0.0000   0.2347
 -17.000  -0.7751   0.04100   0.03738  -0.0125  0.9974  0.0155  -8.3355   0.0000   0.2250
 -16.000  -0.7818   0.02891   0.02469  -0.0191  0.9875  0.0160  -8.0794   0.0000   0.2188
 -15.000  -0.7524   0.02308   0.01841  -0.0208  0.9742  0.0176  -7.4455   0.0000   0.2165
 -14.000  -0.7177   0.02016   0.01517  -0.0165  0.9562  0.0192  -6.7355   0.0000   0.2217
 -13.000  -0.6449   0.01758   0.01223  -0.0202  0.9463  0.0214  -5.9296   0.0000   0.2134
 -12.000  -0.5834   0.01545   0.00988  -0.0199  0.9286  0.0247  -5.2016   0.0000   0.2105
 -11.000  -0.4779   0.01367   0.00785  -0.0308  0.9196  0.0295  -4.3057   0.0000   0.1793
 -10.000  -0.3965   0.01228   0.00631  -0.0350  0.9009  0.0364  -3.5658   0.0000   0.1547
  -9.000  -0.2999   0.01111   0.00502  -0.0431  0.8839  0.0477  -2.8611   0.0000   0.0973
  -8.000  -0.2098   0.01017   0.00401  -0.0493  0.8621  0.0658  -2.2677   0.0000   0.0025
  -7.000  -0.1256   0.00947   0.00329  -0.0538  0.8378  0.0943  -1.7473   0.0000  -0.1985
  -6.000  -0.0407   0.00883   0.00274  -0.0587  0.8125  0.1445  -1.3145   0.0000  -1.2509
  -5.000   0.0439   0.00827   0.00232  -0.0635  0.7857  0.2234  -0.9535   0.0000   1.7443
  -4.000   0.1262   0.00773   0.00204  -0.0678  0.7567  0.3420  -0.6649   0.0000   0.8016
  -3.000   0.2021   0.00714   0.00189  -0.0703  0.7257  0.5202  -0.5818   0.0000   0.6050
  -2.000   0.2695   0.00646   0.00192  -0.0702  0.6931  0.7800  -0.6413   0.0000   0.5138
  -1.000   0.4214   0.00683   0.00246  -0.0936  0.6557  0.9041  -0.7611   0.0000   0.4728
   0.000   0.5257   0.00747   0.00292  -0.1040  0.6116  0.9381  -0.8731   0.0000   0.4466
   1.000   0.6121   0.00823   0.00354  -0.1095  0.5601  0.9659  -1.0097   0.0000   0.4261
   2.000   0.7226   0.00893   0.00404  -0.1226  0.4883  0.9826  -1.2744   0.0000   0.4153
   3.000   0.8018   0.00990   0.00469  -0.1274  0.3952  0.9970  -1.6064   0.0000   0.4031
   4.000   0.8452   0.01115   0.00557  -0.1228  0.2986  1.0000  -1.9364   0.0000   0.3881
   5.000   0.8642   0.01270   0.00679  -0.1122  0.2129  1.0000  -2.2525   0.0000   0.3712
   6.000   0.8916   0.01467   0.00848  -0.1047  0.1388  1.0000  -2.6215   0.0000   0.3573
   7.000   0.9256   0.01696   0.01059  -0.0999  0.0879  1.0000  -3.0546   0.0000   0.3462
   8.000   0.9629   0.01949   0.01309  -0.0967  0.0591  1.0000  -3.5498   0.0000   0.3371
   9.000   0.9984   0.02251   0.01615  -0.0942  0.0433  1.0000  -4.0568   0.0000   0.3293
  10.000   1.0310   0.02606   0.01984  -0.0921  0.0338  1.0000  -4.5687   0.0000   0.3226
  11.000   1.0575   0.03051   0.02444  -0.0902  0.0272  1.0000  -5.1309   0.0000   0.3167
  12.000   1.0811   0.03568   0.02988  -0.0890  0.0237  1.0000  -5.6968   0.0000   0.3118
  13.000   1.0907   0.04279   0.03722  -0.0874  0.0204  1.0000  -6.1857   0.0000   0.3076
  14.000   1.0992   0.05074   0.04548  -0.0870  0.0186  1.0000  -6.6682   0.0000   0.3046
  15.000   1.1003   0.06031   0.05536  -0.0874  0.0166  1.0000  -7.1011   0.0000   0.3027
  16.000   1.0856   0.07277   0.06812  -0.0882  0.0150  1.0000  -7.3933   0.0000   0.3022
  17.000   1.0621   0.08739   0.08310  -0.0899  0.0141  1.0000  -7.5686   0.0000   0.3033
  18.000   1.0396   0.10271   0.09881  -0.0931  0.0135  1.0000  -7.7074   0.0000   0.3059
  19.000   1.0136   0.11932   0.11578  -0.0975  0.0128  1.0000  -7.7435   0.0000   0.3102
  20.000   0.9861   0.13681   0.13362  -0.1034  0.0121  1.0000  -7.6723   0.0000   0.3164


