Aerofoil5015
1.0 0.0
0.9861482623397535 0.007887163702765395
0.9694688045643663 0.016015514965088785
0.9501479867545983 0.02432031827227234
0.9283721689912078 0.032736838109618256
0.9043277113549537 0.0412003389624287
0.8782009739265938 0.049646085316005846
0.8501783167868875 0.058009341655651886
0.8204461000165929 0.066225372466669
0.7891906836964689 0.07422944223435936
0.7565984278437198 0.08195681242465945
0.7228556081390032 0.08933873780524833
0.6881482496684012 0.0962945677849286
0.652662331186916 0.10274145065492203
0.6165838314495499 0.1085965347064504
0.5800987292113049 0.11377696823073552
0.5433930032271839 0.11819989951899923
0.5066526322521889 0.12178247686246325
0.4700635950413223 0.12444184855234941
0.43381187034958646 0.12609516287987954
0.3980834358395367 0.12665981881701419
0.3630640375750155 0.12610635965234082
0.3289389048925469 0.12452390066390175
0.29589319721206214 0.12201760069702298
0.26411207395349273 0.1186926185970305
0.23378069453676986 0.11465411320925019
0.20508421838182517 0.1100072433790081
0.17820780490859006 0.1048571679516302
0.15333661353699565 0.09930904577244237
0.13065580368697347 0.09346803568677066
0.11034889473244842 0.08743906074635241
0.09247251508040302 0.08130880056564581
0.07686820414119769 0.07513301086662193
0.0633566666666667 0.0689644519193673
0.05175860740864416 0.06285588399396841
0.041894731118964364 0.0568600673605118
0.03358574254946155 0.05102976228908401
0.026652346451969955 0.045417729049771594
0.020915247578323814 0.04007672791266105
0.0161951506803573 0.03505951914783888
0.012313915123070316 0.030418008049781894
0.009138285858276675 0.026170862736137748
0.006593315802654644 0.022293575056261648
0.004607954692316488 0.018758751316825882
0.003111152263374489 0.01553899782450275
0.002031858251940898 0.012606920885964506
0.0012990223941279958 0.009935126807883447
0.0008415944260480529 0.007496221896931865
0.0005885240838133396 0.005262812459782045
0.00046876110353612633 0.003207504803106273
0.0004137119382788191 0.0013032844466158583
0.00041128753095695227 -0.0004681411900803241
0.000505903314339189 -0.0021163427874758825
0.0007444314381443248 -0.003650511813025334
0.0011737440520911573 -0.005079839734183253
0.0018407133058984935 -0.006413518018404212
0.002792211349285115 -0.0076607381331427315
0.004075110331969844 -0.008830691545853399
0.005736282403671445 -0.00993256972399074
0.007822599714108733 -0.010975564135009325
0.010382992088005869 -0.011967420068453131
0.01349717826498154 -0.012894243707352062
0.017268578352308602 -0.01372548340769186
0.021801222138742797 -0.014430159028299524
0.02719913941304007 -0.014977290428002093
0.03356635996395614 -0.015335897465626577
0.0410069135802469 -0.015475000000000001
0.049624830050668256 -0.015363617889949383
0.05952413916397589 -0.014970770994301755
0.07080887070892586 -0.014265479171884126
0.08357210542317368 -0.013221080275255358
0.09779389025444726 -0.011855489462526505
0.11338758827948915 -0.010212920110192834
0.13026570069638324 -0.008337925495130885
0.14834072870321424 -0.006275058894217134
0.16752517349806606 -0.004068873584328133
0.18773153627902317 -0.001763922842340364
0.20887231824417007 0.000595240054869686
0.23086002059159078 0.002964061830425458
0.2536071445193699 0.005297989207450492
0.27705445995512723 0.007553317142447837
0.30135166040571015 0.009692609566741806
0.32674207954455275 0.011681240184726561
0.35346949274398903 0.013484595954442897
0.38177767537635315 0.015068063833931606
0.41191040281397784 0.01639703078123341
0.44411145042919764 0.017436883754389114
0.4786245935943456 0.018153009711439464
0.5156936076817555 0.018510795610425238
0.5555622680637617 0.01847562840938721
0.5983527422990231 0.01802123716503882
0.6435294481391819 0.01716647150345752
0.6903354404157892 0.01594536618781084
0.7380136071458387 0.014391967424474305
0.7858068363463221 0.012540321419823513
0.8329580160342326 0.010424474380234007
0.8787100342265632 0.008078472512081322
0.922305778940306 0.00553636202174107
0.9629881381924541 0.0028321891155887566
1.0 0.0
