Aerofoil1061
1.0 0.0
0.9861482623397535 0.0033804818057518175
0.9694688045643663 0.00776746153280849
0.9501479867545983 0.013010631078074202
0.9283721689912078 0.018959682338453132
0.9043277113549537 0.02546430721084947
0.8782009739265938 0.032374197592167385
0.8501783167868875 0.03953904537931107
0.8204461000165929 0.04680854246918471
0.7891906836964689 0.054032380758692475
0.7565984278437198 0.061060268762593926
0.7228556081390032 0.06776396688975242
0.6881482496684012 0.07408075975283764
0.652662331186916 0.07996004638109927
0.6165838314495499 0.08535122580378696
0.5800987292113049 0.09020369705015041
0.5433930032271839 0.09446685914943934
0.5066526322521889 0.09809011113090335
0.4700635950413223 0.10102285202379217
0.43381187034958646 0.10321448085735549
0.3980834358395367 0.10461454796578341
0.3630640375750155 0.10520468033064372
0.3289389048925469 0.10503807217034178
0.29589319721206214 0.10417760121947255
0.26411207395349273 0.1026861452126309
0.23378069453676986 0.10062658188441174
0.20508421838182517 0.09806178896940998
0.17820780490859006 0.09505464420222055
0.15333661353699565 0.0916680253174383
0.13065580368697347 0.08796481004965816
0.11034889473244842 0.08400774028064366
0.09247251508040302 0.07984904690828172
0.07686820414119769 0.07552314398320815
0.0633566666666667 0.07106271972194218
0.05175860740864416 0.06650046234100296
0.041894731118964364 0.06186906005690969
0.03358574254946155 0.057201201086181555
0.026652346451969955 0.052529573645337786
0.020915247578323814 0.04788686595089754
0.0161951506803573 0.043305766219379996
0.012313915123070316 0.038818783786313024
0.009138285858276675 0.034451473988685734
0.006593315802654644 0.030220358673424114
0.004607954692316488 0.02614135596410836
0.003111152263374489 0.022230383984318678
0.002031858251940898 0.018503360857635195
0.0012990223941279958 0.014976204707638118
0.0008415944260480529 0.01166483365790763
0.0005885240838133396 0.008585165832023916
0.00046876110353612633 0.005753119353567156
0.0004137119382788191 0.0031838062176588636
0.00041128753095695227 0.0008737974648712225
0.000505903314339189 -0.0011988768187729817
0.0007444314381443248 -0.0030569926757095444
0.0011737440520911573 -0.004723326148374333
0.0018407133058984935 -0.006220653279203207
0.002792211349285115 -0.007571750110631974
0.004075110331969844 -0.00879939268509651
0.005736282403671445 -0.00992635704503263
0.007822599714108733 -0.010975419232876192
0.010382992088005869 -0.011967420068453131
0.01349717826498154 -0.012894243707352062
0.017268578352308602 -0.01372548340769186
0.021801222138742797 -0.014430159028299524
0.02719913941304007 -0.014977290428002093
0.03356635996395614 -0.015335897465626577
0.0410069135802469 -0.015475000000000001
0.049624830050668256 -0.015363617889949383
0.05952413916397589 -0.014970770994301755
0.07080887070892586 -0.014265479171884126
0.08357210542317368 -0.013221080275255358
0.09779389025444726 -0.011855489462526505
0.11338758827948915 -0.010212920110192834
0.13026570069638324 -0.008337925495130885
0.14834072870321424 -0.006275058894217134
0.16752517349806606 -0.004068873584328133
0.18773153627902317 -0.001763922842340364
0.20887231824417007 0.000595240054869686
0.23086002059159078 0.002964061830425458
0.2536071445193699 0.005297989207450492
0.27705445995512723 0.007553317142447837
0.30135166040571015 0.009692609566741806
0.32674207954455275 0.011681240184726561
0.35346949274398903 0.013484595954442897
0.38177767537635315 0.015068063833931606
0.41191040281397784 0.01639703078123341
0.44411145042919764 0.017436883754389114
0.4786245935943456 0.018153009711439464
0.5156936076817555 0.018510795610425238
0.5555622680637617 0.01847562840938721
0.5983527422990231 0.01802123716503882
0.6435294481391819 0.01716647150345752
0.6903354404157892 0.01594536618781084
0.7380136071458387 0.014391967424474305
0.7858068363463221 0.012540321419823513
0.8329580160342326 0.010424474380234007
0.8787100342265632 0.008078472512081322
0.922305778940306 0.00553636202174107
0.9629881381924541 0.0028321891155887566
1.0 0.0
