Aerofoil1174
1.0 0.0
0.9861482623397535 0.005251288932586761
0.9694688045643663 0.010702322479977823
0.9501479867545983 0.016335214402982995
0.9283721689912078 0.0221320784624121
0.9043277113549537 0.02807502841907495
0.8782009739265938 0.03414617803378134
0.8501783167868875 0.0403276410673411
0.8204461000165929 0.04660153128056404
0.7891906836964689 0.052949962434259965
0.7565984278437198 0.05935503069328801
0.7228556081390032 0.06577548239597622
0.6881482496684012 0.07210068304718442
0.652662331186916 0.07820717070373841
0.6165838314495499 0.08397148342246394
0.5800987292113049 0.08927015926018679
0.5433930032271839 0.09397973627373282
0.5066526322521889 0.09797675251992771
0.4700635950413223 0.10113774605559729
0.43381187034958646 0.10333925493756735
0.3980834358395367 0.10445812999910335
0.3630640375750155 0.10443753067868769
0.3289389048925469 0.1033685596707819
0.29589319721206214 0.10136233736198842
0.26411207395349273 0.09852998413890976
0.23378069453676986 0.09498262038814839
0.20508421838182517 0.09083136649630678
0.17820780490859006 0.08618734284998747
0.15333661353699565 0.08116166983579289
0.13065580368697347 0.07586546784032551
0.11034889473244842 0.07040959415087514
0.09247251508040302 0.06488454996346486
0.07686820414119769 0.059346331486479935
0.0633566666666667 0.05384759259259261
0.05175860740864416 0.04844098715447507
0.041894731118964364 0.0431791690447996
0.03358574254946155 0.03811479213623841
0.026652346451969955 0.033300510301463776
0.020915247578323814 0.028788977413147922
0.0161951506803573 0.024632847343963055
0.012313915123070316 0.02088364214838735
0.009138285858276675 0.017548884448603568
0.006593315802654644 0.014578940047992803
0.004607954692316488 0.011920354863531055
0.003111152263374489 0.009519674812194354
0.002031858251940898 0.007323445810958683
0.0012990223941279958 0.005278213776800066
0.0008415944260480529 0.0033305246266945193
0.0005885240838133396 0.0014269242776180514
0.00046876110353612633 -0.0004860413534533243
0.0004137119382788191 -0.002460125300438953
0.00041128753095695227 -0.004507956467851378
0.000505903314339189 -0.0066030396307963975
0.0007444314381443248 -0.008717178515275079
0.0011737440520911573 -0.010822176847288574
0.0018407133058984935 -0.01288983835283802
0.002792211349285115 -0.014891966757924487
0.004075110331969844 -0.016800365788549147
0.005736282403671445 -0.01858683917071307
0.007822599714108733 -0.020223190630417408
0.010382992088005869 -0.021681215231628248
0.01349717826498154 -0.022932578428602104
0.017268578352308602 -0.023948845901784543
0.021801222138742797 -0.02470158076509215
0.02719913941304007 -0.025162346132441556
0.03356635996395614 -0.025302705117749374
0.0410069135802469 -0.02509422083493222
0.049624830050668256 -0.024508456397906705
0.05952413916397589 -0.02351697492058947
0.07080887070892586 -0.022091339516897103
0.08357210542317368 -0.020209660780290687
0.09779389025444726 -0.017917642963318315
0.11338758827948915 -0.01530086695050572
0.13026570069638324 -0.012445429025643133
0.14834072870321424 -0.00943742547252068
0.16752517349806606 -0.0063629525749286184
0.18773153627902317 -0.0033081066166570925
0.20887231824417007 -0.0003589838814962547
0.23086002059159078 0.0023983193467636416
0.2536071445193699 0.004877706784332471
0.27705445995512723 0.007001800739996955
0.30135166040571015 0.008757659370808007
0.32674207954455275 0.010161221171727637
0.35346949274398903 0.011228560865726918
0.38177767537635315 0.011975753175776925
0.41191040281397784 0.01241887282484869
0.44411145042919764 0.012573994535913296
0.4786245935943456 0.012457193031941793
0.5156936076817555 0.012084543035905242
0.5555622680637617 0.011472119270774704
0.5983527422990231 0.010639229544890938
0.6435294481391819 0.009622668711330926
0.6903354404157892 0.008465116814235585
0.7380136071458387 0.007209258332705148
0.7858068363463221 0.0058977777458398915
0.8329580160342326 0.0045733595327400595
0.8787100342265632 0.0032786881725058877
0.922305778940306 0.002056448144237661
0.9629881381924541 0.0009493239270356057
1.0 0.0
