<<<<<<< Updated upstream
Aerofoil80
1.000000000000000000e+00 0.000000000000000000e+00
9.757542486307654306e-01 6.541148133808945796e-03
9.514914372186094038e-01 1.331986049020028942e-02
9.272019672553472036e-01 2.025401997563385306e-02
9.028833853340382243e-01 2.726692577693238390e-02
8.785393833609725922e-01 3.428735198346298529e-02
8.541788957558850148e-01 4.124956834793490346e-02
8.298152869457271485e-01 4.809332635294776698e-02
8.054656227545785585e-01 5.476381361922430524e-02
7.811500195828557924e-01 6.121157956313834358e-02
7.568910655528442444e-01 6.739243508565694041e-02
7.327133080747078031e-01 7.326732895210315288e-02
7.086428025576634315e-01 7.880220340217161668e-02
6.847067172548145786e-01 8.396783141233378489e-02
6.609329894874093059e-01 8.873963791812211621e-02
6.373500287448882196e-01 9.309750719171763778e-02
6.139864624011319716e-01 9.702557846074362502e-02
5.908709200248356552e-01 1.005120317471489139e-01
5.680318524928631430e-01 1.035488658004782431e-01
5.454973823399077437e-01 1.061316698976561418e-01
5.232951819957096795e-01 1.082593911815726145e-01
5.014523767725973524e-01 1.099340991132435330e-01
4.799954696711400959e-01 1.111607485170411774e-01
4.589502852703107871e-01 1.119469426054287148e-01
4.383419301607941465e-01 1.123026972787340982e-01
4.181947675658828634e-01 1.122402079066994879e-01
3.985324039738994406e-01 1.117736197118210234e-01
3.793776857792051094e-01 1.109188027897763801e-01
3.607527040956980402e-01 1.096931327194985845e-01
3.426788060672267267e-01 1.081152776346250566e-01
3.251766111536092407e-01 1.062049925491030528e-01
3.082660310189715425e-01 1.039829216526030609e-01
2.919662917909066069e-01 1.014704092160427784e-01
2.762959575945400648e-01 9.868931967389817095e-02
2.612729543949974254e-01 9.566186737804020790e-02
2.469145933050177488e-01 9.241045644752522714e-02
2.332375926315661818e-01 8.895753107004346349e-02
2.202580980462836291e-01 8.532543654354114715e-02
2.079917003695316291e-01 8.153629128083877964e-02
1.964534505566037370e-01 7.761186993580716786e-02
1.856578715674643831e-01 7.357349774680220500e-02
1.756189668881280863e-01 6.944195613154117985e-02
1.663502255525440288e-01 6.523739950738624560e-02
1.578646235886155824e-01 6.097928325202706112e-02
1.501746218807866740e-01 5.668630266178908278e-02
1.432921605045054114e-01 5.237634270818136012e-02
1.372286496448139603e-01 4.806643833778759950e-02
1.319949572623767831e-01 4.377274500615668806e-02
1.276013937154412969e-01 3.951051908290921511e-02
1.240576935855608742e-01 3.529410771280200310e-02
1.213729949884110454e-01 3.113694766592890392e-02
1.195558166787307752e-01 2.705157265954237847e-02
1.186140332803389957e-01 2.304962858410602305e-02
1.185548489883220119e-01 1.914189601708049179e-02
1.193847701009072143e-01 1.533831935956688278e-02
1.211095767432281006e-01 1.164804188322346619e-02
1.237342941441877814e-01 8.079445927792956381e-03
1.272631638209512084e-01 4.640197443079965497e-03
1.316996150132705712e-01 1.337294023248097831e-03
1.370462366918909214e-01 -1.822884464175026850e-03
1.433047504417202800e-01 -4.834523597246054120e-03
1.504759844912983424e-01 -7.692321453828152369e-03
1.585598491253838727e-01 -1.039143603272670024e-02
1.675553136772278684e-01 -1.292743411740666752e-02
1.774603852513248203e-01 -1.529624270174116153e-02
1.882720892761636233e-01 -1.749410414082860910e-02
1.999864519297533116e-01 -1.951753623335248516e-02
2.125984844184983236e-01 -2.136329848529502223e-02
2.261021690223703473e-01 -2.302836584810050852e-02
2.404904467462797291e-01 -2.450991126766204412e-02
2.557552063391285158e-01 -2.580529842382834477e-02
2.718872743582295692e-01 -2.691208608353890669e-02
2.888764058676482338e-01 -2.782804553424759325e-02
3.067112752645640428e-01 -2.855119260803205133e-02
3.253794666279961612e-01 -2.907983585075813240e-02
3.448674628792125496e-01 -2.941264243492333966e-02
3.651606329328458966e-01 -2.954872345938669084e-02
3.862432159022384237e-01 -2.948774032415560353e-02
4.080983013017926986e-01 -2.923003391378775628e-02
4.307078040632058569e-01 -2.877677836882832491e-02
4.540524330513712736e-01 -2.813016127108610570e-02
4.781116516295101926e-01 -2.729359211550517680e-02
5.028636286817498302e-01 -2.627194098895903676e-02
5.282851783549065150e-01 -2.507180942452972086e-02
5.543516866297218959e-01 -2.370183544878297702e-02
5.810370226752002987e-01 -2.217303488926060384e-02
6.083134327780930217e-01 -2.049918105992921263e-02
6.361514144729418785e-01 -1.869722499369998875e-02
6.645195683264731867e-01 -1.678775844341447165e-02
6.933844246535590949e-01 -1.479552192592298483e-02
7.227102422604168019e-01 -1.274996013811597467e-02
7.524587761242813588e-01 -1.068582712904871806e-02
7.825890107274102725e-01 -8.643843668677942890e-03
8.130568555670624198e-01 -6.671409311249416538e-03
8.438147991619923127e-01 -4.823371710088638839e-03
8.748115176700669293e-01 -3.162855800500406420e-03
9.059914340208923278e-01 -1.762155528722202580e-03
9.372942232517791350e-01 -7.036908674536344020e-04
9.686542595150952062e-01 -8.103292244262629061e-05
1.000000000000000000e+00 0.000000000000000000e+00
=======
Aerofoil1024
1.0 0.0
0.9861482623397535 0.005385830332927017
0.9694688045643663 0.011200854760632505
0.9501479867545983 0.01736484308813405
0.9283721689912078 0.02379756512044925
0.9043277113549537 0.030418790662595695
0.8782009739265938 0.03714828951959096
0.8501783167868875 0.04390583149645264
0.8204461000165929 0.050611186398198345
0.7891906836964689 0.05718412402984565
0.7565984278437198 0.06354441782476886
0.7228556081390032 0.06961665604571643
0.6881482496684012 0.0753397335660037
0.652662331186916 0.08065519033099851
0.6165838314495499 0.08550456628606871
0.5800987292113049 0.08982940137658219
0.5433930032271839 0.09357123554790685
0.5066526322521889 0.09667160874541049
0.4700635950413223 0.09907206091446101
0.43381187034958646 0.10071413200042632
0.3980834358395367 0.10153951890030705
0.3630640375750155 0.10152319225726127
0.3289389048925469 0.1007143608367696
0.29589319721206214 0.09917227830881317
0.26411207395349273 0.09695619834337298
0.23378069453676986 0.09412537461043005
0.20508421838182517 0.09073906077996545
0.17820780490859006 0.08685651052196025
0.15333661353699565 0.08253697750639544
0.13065580368697347 0.07783971540325206
0.11034889473244842 0.07282406322088736
0.09247251508040302 0.06755596262943336
0.07686820414119769 0.06211254726902889
0.0633566666666667 0.0565720348932588
0.05175860740864416 0.05101264325570791
0.041894731118964364 0.04551259010996108
0.03358574254946155 0.04015009320960318
0.026652346451969955 0.03500337030821907
0.020915247578323814 0.03015063915939358
0.0161951506803573 0.025670117516711558
0.012313915123070316 0.021638685242436093
0.009138285858276675 0.018081211673696303
0.006593315802654644 0.014955002635871734
0.004607954692316488 0.012212848571130952
0.003111152263374489 0.009807539921642523
0.002031858251940898 0.0076918671295749825
0.0012990223941279958 0.0058186206370969
0.0008415944260480529 0.004140590886376836
0.0005885240838133396 0.0026105683195833517
0.00046876110353612633 0.0011813433788850055
0.0004137119382788191 -0.0001932762228302311
0.00041128753095695227 -0.0015360855461278473
0.000505903314339189 -0.0028464824250268358
0.0007444314381443248 -0.004122847422826722
0.0011737440520911573 -0.005363561102827075
0.0018407133058984935 -0.006567004028327465
0.002792211349285115 -0.007731556762627418
0.004075110331969844 -0.008855599869026518
0.005736282403671445 -0.009937513910824293
0.007822599714108733 -0.010975679451320313
0.010382992088005869 -0.011967420068453131
0.01349717826498154 -0.012894243707352062
0.017268578352308602 -0.01372548340769186
0.021801222138742797 -0.014430159028299524
0.02719913941304007 -0.014977290428002093
0.03356635996395614 -0.015335897465626577
0.0410069135802469 -0.015475000000000001
0.049624830050668256 -0.015363617889949383
0.05952413916397589 -0.014970770994301755
0.07080887070892586 -0.014265479171884126
0.08357210542317368 -0.013221080275255358
0.09779389025444726 -0.011855489462526505
0.11338758827948915 -0.010212920110192834
0.13026570069638324 -0.008337925495130885
0.14834072870321424 -0.006275058894217134
0.16752517349806606 -0.004068873584328133
0.18773153627902317 -0.001763922842340364
0.20887231824417007 0.000595240054869686
0.23086002059159078 0.002964061830425458
0.2536071445193699 0.005297989207450492
0.27705445995512723 0.007553317142447837
0.30135166040571015 0.009692609566741806
0.32674207954455275 0.011681240184726561
0.35346949274398903 0.013484595954442897
0.38177767537635315 0.015068063833931606
0.41191040281397784 0.01639703078123341
0.44411145042919764 0.017436883754389114
0.4786245935943456 0.018153009711439464
0.5156936076817555 0.018510795610425238
0.5555622680637617 0.01847562840938721
0.5983527422990231 0.01802123716503882
0.6435294481391819 0.01716647150345752
0.6903354404157892 0.01594536618781084
0.7380136071458387 0.014391967424474305
0.7858068363463221 0.012540321419823513
0.8329580160342326 0.010424474380234007
0.8787100342265632 0.008078472512081322
0.922305778940306 0.00553636202174107
0.9629881381924541 0.0028321891155887566
1.0 0.0
>>>>>>> Stashed changes
