<<<<<<< Updated upstream
Aerofoil73
1.000000000000000000e+00 0.000000000000000000e+00
9.757542486307654306e-01 5.881260906273544191e-03
9.514914372186094038e-01 1.167703304856546574e-02
9.272019672553472036e-01 1.736989103604804144e-02
9.028833853340382243e-01 2.294113910368004994e-02
8.785393833609725922e-01 2.837140660123683641e-02
8.541788957558850148e-01 3.364115701448469609e-02
8.298152869457271485e-01 3.873111848221357650e-02
8.054656227545785585e-01 4.362264328706422917e-02
7.811500195828557924e-01 4.829800333050510847e-02
7.568910655528442444e-01 5.274062815259507320e-02
7.327133080747078031e-01 5.693529162496949875e-02
7.086428025576634315e-01 6.086825303048033764e-02
6.847067172548145786e-01 6.452735784475852054e-02
6.609329894874093059e-01 6.790210315332489976e-02
6.373500287448882196e-01 7.098367227240723332e-02
6.139864624011319716e-01 7.376494279199204140e-02
5.908709200248356552e-01 7.624047192552151075e-02
5.680318524928631430e-01 7.840646273168619396e-02
5.454973823399077437e-01 8.026071446964511136e-02
5.232951819957096795e-01 8.180256005937068531e-02
5.014523767725973524e-01 8.303279334334941197e-02
4.799954696711400959e-01 8.395358858421689274e-02
4.589502852703107871e-01 8.456841438473942929e-02
4.383419301607941465e-01 8.488194398154298714e-02
4.181947675658828634e-01 8.489996364177834764e-02
3.985324039738994406e-01 8.462928068218830702e-02
3.793776857792051094e-01 8.407763243244562035e-02
3.607527040956980402e-01 8.325359727884626415e-02
3.426788060672267267e-01 8.216650875011559385e-02
3.251766111536092407e-01 8.082637344389023704e-02
3.082660310189715425e-01 7.924379344003829040e-02
2.919662917909066069e-01 7.742989370503207402e-02
2.762959575945400648e-01 7.539625485975864905e-02
2.612729543949974254e-01 7.315485156111087295e-02
2.469145933050177488e-01 7.071799663510226763e-02
2.332375926315661818e-01 6.809829099575784306e-02
2.202580980462836291e-01 6.530857928931742273e-02
2.079917003695316291e-01 6.236191111700846446e-02
1.964534505566037370e-01 5.927150761146457447e-02
1.856578715674643831e-01 5.605073307144662481e-02
1.756189668881280863e-01 5.271307129653591411e-02
1.663502255525440288e-01 4.927210620756626580e-02
1.578646235886155824e-01 4.574150628941544422e-02
1.501746218807866740e-01 4.213501235004486062e-02
1.432921605045054114e-01 3.846642805302963319e-02
1.372286496448139603e-01 3.474961264991215798e-02
1.319949572623767831e-01 3.099847531321490643e-02
1.276013937154412969e-01 2.722697045051969411e-02
1.240576935855608742e-01 2.344909336432767638e-02
1.213729949884110454e-01 1.967887561111603123e-02
1.195558166787307752e-01 1.593037940577303468e-02
1.186140332803389957e-01 1.221769041408238797e-02
1.185548489883220119e-01 8.554908275802587322e-03
1.193847701009072143e-01 4.956134203817366690e-03
1.211095767432281006e-01 1.435455010474285479e-03
1.237342941441877814e-01 -1.993077079750852406e-03
1.272631638209512084e-01 -5.315469462061822581e-03
1.316996150132705712e-01 -8.517819646655868868e-03
1.370462366918909214e-01 -1.158635182343856727e-02
1.433047504417202800e-01 -1.450746008786964712e-02
1.504759844912983424e-01 -1.726775890480555797e-02
1.585598491253838727e-01 -1.985414137198298831e-02
1.675553136772278684e-01 -2.225384582954486115e-02
1.774603852513248203e-01 -2.445453134707971030e-02
1.882720892761636233e-01 -2.644436260536842803e-02
1.999864519297533116e-01 -2.821210467674058892e-02
2.125984844184983236e-01 -2.974722819597648213e-02
2.261021690223703473e-01 -3.104002540338512278e-02
2.404904467462797291e-01 -3.208173753337975609e-02
2.557552063391285158e-01 -3.286469401589736661e-02
2.718872743582295692e-01 -3.338246395470480243e-02
2.888764058676482338e-01 -3.363002034633611609e-02
3.067112752645640428e-01 -3.360391750645243258e-02
3.253794666279961612e-01 -3.330248217714099068e-02
3.448674628792125496e-01 -3.272601879941402364e-02
3.651606329328458966e-01 -3.187702945026302248e-02
3.862432159022384237e-01 -3.076044896341073934e-02
4.080983013017926986e-01 -2.938389577771502795e-02
4.307078040632058569e-01 -2.775793908735426502e-02
4.540524330513712736e-01 -2.589638290379807709e-02
4.781116516295101926e-01 -2.381656768147905751e-02
5.028636286817498302e-01 -2.153969020736318934e-02
5.282851783549065150e-01 -1.909114250961058482e-02
5.543516866297218959e-01 -1.650087060255556876e-02
5.810370226752002987e-01 -1.380375395465678265e-02
6.083134327780930217e-01 -1.104000664320703255e-02
6.361514144729418785e-01 -8.255601244787592538e-03
6.645195683264731867e-01 -5.502716604040080485e-03
6.933844246535590949e-01 -2.840210725642967286e-03
7.227102422604168019e-01 -3.341201457628291405e-04
7.524587761242813588e-01 1.941812739968744924e-03
7.825890107274102725e-01 3.905582784378942764e-03
8.130568555670624198e-01 5.466333884409685547e-03
8.438147991619923127e-01 6.523737565329579095e-03
8.748115176700669293e-01 6.967336292569677875e-03
9.059914340208923278e-01 6.675849277411864506e-03
9.372942232517791350e-01 5.516438358496420294e-03
9.686542595150952062e-01 3.343931345097342703e-03
1.000000000000000000e+00 0.000000000000000000e+00
=======
Aerofoil1023
1.0 0.0
0.9861482623397535 0.005491475065886613
0.9694688045643663 0.010847589809451285
0.9501479867545983 0.016127890445375402
0.9283721689912078 0.021391923188340354
0.9043277113549537 0.026699234253027514
0.8782009739265938 0.032109369854118275
0.8501783167868875 0.03768187620629403
0.8204461000165929 0.04347629952423615
0.7891906836964689 0.04955218602262603
0.7565984278437198 0.055969043897495255
0.7228556081390032 0.06273593059659922
0.6881482496684012 0.06971199603155694
0.652662331186916 0.0767286745182878
0.6165838314495499 0.08361740037271115
0.5800987292113049 0.09020960791074643
0.5433930032271839 0.0963367314483131
0.5066526322521889 0.10183020530133047
0.4700635950413223 0.10652146378571797
0.43381187034958646 0.11024194121739503
0.3980834358395367 0.11282340180764054
0.3630640375750155 0.11416754758394823
0.3289389048925469 0.11433212107885714
0.29589319721206214 0.11339597812791459
0.26411207395349273 0.11143797456666787
0.23378069453676986 0.1085369662306643
0.20508421838182517 0.10477180895545117
0.17820780490859006 0.10022135857657584
0.15333661353699565 0.09496447092958554
0.13065580368697347 0.08908000185002761
0.11034889473244842 0.08264707135700054
0.09247251508040302 0.0757652394488044
0.07686820414119769 0.06856871330724933
0.0633566666666667 0.061195056223703276
0.05175860740864416 0.0537818314895341
0.041894731118964364 0.04646660239610974
0.03358574254946155 0.03938693223479812
0.026652346451969955 0.03268038429696715
0.020915247578323814 0.026484521873984763
0.0161951506803573 0.020936908257218827
0.012313915123070316 0.01617261214163226
0.009138285858276675 0.01222972478694289
0.006593315802654644 0.009020360334415117
0.004607954692316488 0.006448213662446414
0.003111152263374489 0.00441697964943426
0.002031858251940898 0.0028303531737760997
0.0012990223941279958 0.001592029113869416
0.0008415944260480529 0.0006057023481116796
0.0005885240838133396 -0.0002249322450996402
0.00046876110353612633 -0.0009961797873670748
0.0004137119382788191 -0.0018020631884917916
0.00041128753095695227 -0.002684114486843622
0.000505903314339189 -0.003631374849361087
0.0007444314381443248 -0.004630603231181306
0.0011737440520911573 -0.005668558587441434
0.0018407133058984935 -0.006731999873278625
0.002792211349285115 -0.007807686043829996
0.004075110331969844 -0.008882376054232716
0.005736282403671445 -0.009942828859623902
0.007822599714108733 -0.010975803415140711
0.010382992088005869 -0.011967420068453131
0.01349717826498154 -0.012894243707352062
0.017268578352308602 -0.01372548340769186
0.021801222138742797 -0.014430159028299524
0.02719913941304007 -0.014977290428002093
0.03356635996395614 -0.015335897465626577
0.0410069135802469 -0.015475000000000001
0.049624830050668256 -0.015363617889949383
0.05952413916397589 -0.014970770994301755
0.07080887070892586 -0.014265479171884126
0.08357210542317368 -0.013221080275255358
0.09779389025444726 -0.011855489462526505
0.11338758827948915 -0.010212920110192834
0.13026570069638324 -0.008337925495130885
0.14834072870321424 -0.006275058894217134
0.16752517349806606 -0.004068873584328133
0.18773153627902317 -0.001763922842340364
0.20887231824417007 0.000595240054869686
0.23086002059159078 0.002964061830425458
0.2536071445193699 0.005297989207450492
0.27705445995512723 0.007553317142447837
0.30135166040571015 0.009692609566741806
0.32674207954455275 0.011681240184726561
0.35346949274398903 0.013484595954442897
0.38177767537635315 0.015068063833931606
0.41191040281397784 0.01639703078123341
0.44411145042919764 0.017436883754389114
0.4786245935943456 0.018153009711439464
0.5156936076817555 0.018510795610425238
0.5555622680637617 0.01847562840938721
0.5983527422990231 0.01802123716503882
0.6435294481391819 0.01716647150345752
0.6903354404157892 0.01594536618781084
0.7380136071458387 0.014391967424474305
0.7858068363463221 0.012540321419823513
0.8329580160342326 0.010424474380234007
0.8787100342265632 0.008078472512081322
0.922305778940306 0.00553636202174107
0.9629881381924541 0.0028321891155887566
1.0 0.0
>>>>>>> Stashed changes
