Aerofoil5028
1.0 0.0
0.9861482623397535 0.005251288932586761
0.9694688045643663 0.010702322479977823
0.9501479867545983 0.016335214402982995
0.9283721689912078 0.0221320784624121
0.9043277113549537 0.02807502841907495
0.8782009739265938 0.03414617803378134
0.8501783167868875 0.0403276410673411
0.8204461000165929 0.04660153128056404
0.7891906836964689 0.052949962434259965
0.7565984278437198 0.05935503069328801
0.7228556081390032 0.06577548239597622
0.6881482496684012 0.07210068304718442
0.652662331186916 0.07820717070373841
0.6165838314495499 0.08397148342246394
0.5800987292113049 0.08927015926018679
0.5433930032271839 0.09397973627373282
0.5066526322521889 0.09797675251992771
0.4700635950413223 0.10113774605559729
0.43381187034958646 0.10333925493756735
0.3980834358395367 0.10445812999910335
0.3630640375750155 0.10443753067868769
0.3289389048925469 0.1033685596707819
0.29589319721206214 0.10136233736198842
0.26411207395349273 0.09852998413890976
0.23378069453676986 0.09498262038814839
0.20508421838182517 0.09083136649630678
0.17820780490859006 0.08618734284998747
0.15333661353699565 0.08116166983579289
0.13065580368697347 0.07586546784032551
0.11034889473244842 0.07040959415087514
0.09247251508040302 0.06488454996346486
0.07686820414119769 0.059346331486479935
0.0633566666666667 0.05384759259259261
0.05175860740864416 0.04844098715447507
0.041894731118964364 0.0431791690447996
0.03358574254946155 0.03811479213623841
0.026652346451969955 0.033300510301463776
0.020915247578323814 0.028788977413147922
0.0161951506803573 0.024632847343963055
0.012313915123070316 0.020883694994564828
0.009138285858276675 0.01755115022846292
0.006593315802654644 0.01459035482232796
0.004607954692316488 0.011952809022274476
0.003111152263374489 0.009590013074417016
0.002031858251940898 0.007453467224870089
0.0012990223941279958 0.005494671719748243
0.0008415944260480529 0.003665126805166016
0.0005885240838133396 0.0019163327272379413
0.00046876110353612633 0.0001997897320785546
0.0004137119382788191 -0.0015317048108224075
0.00041128753095695227 -0.0032955196943455643
0.000505903314339189 -0.00507918987374194
0.0007444314381443248 -0.006868953180887287
0.0011737440520911573 -0.008651047447657418
0.0018407133058984935 -0.010411710505928148
0.002792211349285115 -0.012137180187575225
0.004075110331969844 -0.013813694324474487
0.005736282403671445 -0.015427490748501685
0.007822599714108733 -0.016964807291532637
0.010382992088005869 -0.018410604101000004
0.01349717826498154 -0.01973072337933524
0.017268578352308602 -0.020876290297050695
0.021801222138742797 -0.021798051451490306
0.02719913941304007 -0.022446753439998048
0.03356635996395614 -0.022773142859917876
0.0410069135802469 -0.022727966308593753
0.049624830050668256 -0.022261970383369637
0.05952413916397589 -0.021325901681589515
0.07080887070892586 -0.019870506800597328
0.08357210542317368 -0.01785382139052208
0.09779389025444726 -0.0153091304773288
0.11338758827948915 -0.012314112181058053
0.13026570069638324 -0.008947018395584884
0.14834072870321424 -0.005286101014784197
0.16752517349806606 -0.0014096119325310574
0.18773153627902317 0.0026041969572996003
0.20887231824417007 0.006677073760832836
0.23086002059159078 0.010730766584193585
0.2536071445193699 0.014687023533506949
0.27705445995512723 0.018468473027736135
0.30135166040571015 0.02200424954791492
0.32674207954455275 0.025226403611353684
0.35346949274398903 0.028066999490251043
0.38177767537635315 0.0304581014568056
0.41191040281397784 0.032331773783215854
0.44411145042919764 0.033620080741680436
0.4786245935943456 0.03425508660439787
0.5156936076817555 0.034168855643566746
0.5555622680637617 0.03329345213138563
0.5983527422990231 0.03158634299477211
0.6435294481391819 0.029142392509830296
0.6903354404157892 0.026102705450349054
0.7380136071458387 0.022608421436008372
0.7858068363463221 0.018800680086488376
0.8329580160342326 0.01482062102146909
0.8787100342265632 0.010809383860630517
0.922305778940306 0.006908108223652803
0.9629881381924541 0.0032579337302159196
1.0 0.0
