<<<<<<< Updated upstream
Aerofoil6
1.000000000000000000e+00 0.000000000000000000e+00
9.757542486307654306e-01 5.294719588082521730e-03
9.514914372186094038e-01 1.105086351148388581e-02
9.272019672553472036e-01 1.714388593733790628e-02
9.028833853340382243e-01 2.345965984917761094e-02
8.785393833609725922e-01 2.989431728264567781e-02
8.541788957558850148e-01 3.635402102889454673e-02
8.298152869457271485e-01 4.275467777065741770e-02
8.054656227545785585e-01 4.902160184327526704e-02
7.811500195828557924e-01 5.508913807643567306e-02
7.568910655528442444e-01 6.090025147118451054e-02
7.327133080747078031e-01 6.640609080008483267e-02
7.086428025576634315e-01 7.156553258539503914e-02
6.847067172548145786e-01 7.634471130998424226e-02
6.609329894874093059e-01 8.071654114758015919e-02
6.373500287448882196e-01 8.466023396201856344e-02
6.139864624011319716e-01 8.816081781860518607e-02
5.908709200248356552e-01 9.120865977369353728e-02
5.680318524928631430e-01 9.379899626028152804e-02
5.454973823399077437e-01 9.593147396702748908e-02
5.232951819957096795e-01 9.760970371473358387e-02
5.014523767725973524e-01 9.884082946723858620e-02
4.799954696711400959e-01 9.963511427194904346e-02
4.589502852703107871e-01 1.000055446081110494e-01
4.383419301607941465e-01 9.996745432754976235e-02
4.181947675658828634e-01 9.953816910214309532e-02
3.985324039738994406e-01 9.873667204394367958e-02
3.793776857792051094e-01 9.758329093676719468e-02
3.607527040956980402e-01 9.609940731141977666e-02
3.426788060672267267e-01 9.430718740969729064e-02
3.251766111536092407e-01 9.222933491403932649e-02
3.082660310189715425e-01 8.988886516942919125e-02
2.919662917909066069e-01 8.730890049096748373e-02
2.762959575945400648e-01 8.451248603368849421e-02
2.612729543949974254e-01 8.152242559980450720e-02
2.469145933050177488e-01 7.836113667182945108e-02
2.332375926315661818e-01 7.505052388711710987e-02
2.202580980462836291e-01 7.161187010942585141e-02
2.079917003695316291e-01 6.806574420536952441e-02
1.964534505566037370e-01 6.443192459719263021e-02
1.856578715674643831e-01 6.072933763739978008e-02
1.756189668881280863e-01 5.697600983454632201e-02
1.663502255525440288e-01 5.318903295212679128e-02
1.578646235886155824e-01 4.938454100315527867e-02
1.501746218807866740e-01 4.557769817089010050e-02
1.432921605045054114e-01 4.178269670038903955e-02
1.372286496448139603e-01 3.801276382535498377e-02
1.319949572623767831e-01 3.428017681922802123e-02
1.276013937154412969e-01 3.059628528786447615e-02
1.240576935855608742e-01 2.697153985259033090e-02
1.213729949884110454e-01 2.341552640610009006e-02
1.195558166787307752e-01 1.993700515876009258e-02
1.186140332803389957e-01 1.654395372854948476e-02
1.185548489883220119e-01 1.324361356329047459e-02
1.193847701009072143e-01 1.004253901817192714e-02
1.211095767432281006e-01 6.946648444012834892e-03
1.237342941441877814e-01 3.961276671429408286e-03
1.272631638209512084e-01 1.091228302227982951e-03
1.316996150132705712e-01 -1.659168758882311303e-03
1.370462366918909214e-01 -4.286010082600541678e-03
1.433047504417202800e-01 -6.785762343193051105e-03
1.504759844912983424e-01 -9.155212332671308281e-03
1.585598491253838727e-01 -1.139141790120096198e-02
1.675553136772278684e-01 -1.349166137652017990e-02
1.774603852513248203e-01 -1.545340603705904793e-02
1.882720892761636233e-01 -1.727425624554552314e-02
1.999864519297533116e-01 -1.895192189298010310e-02
2.125984844184983236e-01 -2.048418785779264339e-02
2.261021690223703473e-01 -2.186888925258516705e-02
2.404904467462797291e-01 -2.310389331194286772e-02
2.557552063391285158e-01 -2.418708887018985662e-02
2.718872743582295692e-01 -2.511638448850214353e-02
2.888764058676482338e-01 -2.588971641729804693e-02
3.067112752645640428e-01 -2.650506772313070830e-02
3.253794666279961612e-01 -2.696050007023768555e-02
3.448674628792125496e-01 -2.725419982628618509e-02
3.651606329328458966e-01 -2.738454036051573073e-02
3.862432159022384237e-01 -2.735016262125197772e-02
4.080983013017926986e-01 -2.715007631947265881e-02
4.307078040632058569e-01 -2.678378430657658849e-02
4.540524330513712736e-01 -2.625143301856750627e-02
4.781116516295101926e-01 -2.555399216634362050e-02
5.028636286817498302e-01 -2.469346718350776473e-02
5.282851783549065150e-01 -2.367314829991097602e-02
5.543516866297218959e-01 -2.249790049184025378e-02
5.810370226752002987e-01 -2.117449896918807348e-02
6.083134327780930217e-01 -1.971201529692295784e-02
6.361514144729418785e-01 -1.812225971354577969e-02
6.645195683264731867e-01 -1.642028570379303054e-02
6.933844246535590949e-01 -1.462496340746190573e-02
7.227102422604168019e-01 -1.275962900171313981e-02
7.524587761242813588e-01 -1.085281778138003431e-02
7.825890107274102725e-01 -8.939089281507500359e-03
8.130568555670624198e-01 -7.059953439387025784e-03
8.438147991619923127e-01 -5.264907480572030181e-03
8.748115176700669293e-01 -3.612593935581007946e-03
9.059914340208923278e-01 -2.172090952047663146e-03
9.372942232517791350e-01 -1.024346861789904393e-03
9.686542595150952062e-01 -2.637717944663224741e-04
1.000000000000000000e+00 0.000000000000000000e+00
=======
Aerofoil1004
1.0 0.0
0.9861482623397535 0.002249510191567037
0.9694688045643663 0.005699727328150895
0.9501479867545983 0.010185413181978518
0.9283721689912078 0.015541329525276846
0.9043277113549537 0.02160223813027281
0.8782009739265938 0.02820290076919336
0.8501783167868875 0.03517807921426544
0.8204461000165929 0.042362535237715986
0.7891906836964689 0.04959103061177192
0.7565984278437198 0.05669834322675101
0.7228556081390032 0.06354063967948488
0.6881482496684012 0.07003764019889558
0.652662331186916 0.07612081510211065
0.6165838314495499 0.08172163470625751
0.5800987292113049 0.08677156932846374
0.5433930032271839 0.09120208928585685
0.5066526322521889 0.09494466489556427
0.4700635950413223 0.09793076647471356
0.43381187034958646 0.1000918643404322
0.3980834358395367 0.10135958864110584
0.3630640375750155 0.1016994537518447
0.3289389048925469 0.10115257423285673
0.29589319721206214 0.09977029384487054
0.26411207395349273 0.09760395634861475
0.23378069453676986 0.0947049055048179
0.20508421838182517 0.09112448507420866
0.17820780490859006 0.08691403881751562
0.15333661353699565 0.08212491049546736
0.13065580368697347 0.07680844386879249
0.11034889473244842 0.07101632101099498
0.09247251508040302 0.06482639938031066
0.07686820414119769 0.05836090552896081
0.0633566666666667 0.05174636383442423
0.05175860740864416 0.04510929867417967
0.041894731118964364 0.03857623442570596
0.03358574254946155 0.03227369546648191
0.026652346451969955 0.02632820617398632
0.020915247578323814 0.020866290925698
0.0161951506803573 0.01601447409909571
0.012313915123070316 0.011896923605417194
0.009138285858276675 0.008546199730778014
0.006593315802654644 0.005875861216118985
0.004607954692316488 0.003791513728817252
0.003111152263374489 0.002198762936249975
0.002031858251940898 0.0010032145057942855
0.0012990223941279958 0.00011047410482734261
0.0008415944260480529 -0.0005738525992737031
0.0005885240838133396 -0.0011441599391317022
0.00046876110353612633 -0.001694842247369505
0.0004137119382788191 -0.0023179738101601244
0.00041128753095695227 -0.0030522678453303105
0.000505903314339189 -0.003883076502360577
0.0007444314381443248 -0.004793431884281563
0.0011737440520911573 -0.00576636609412394
0.0018407133058984935 -0.006784911234918381
0.002792211349285115 -0.007832099409695523
0.004075110331969844 -0.00889096272148605
0.005736282403671445 -0.0099445332733206
0.007822599714108733 -0.010975843168229847
0.010382992088005869 -0.011967420068453131
0.01349717826498154 -0.012894243707352062
0.017268578352308602 -0.01372548340769186
0.021801222138742797 -0.014430159028299524
0.02719913941304007 -0.014977290428002093
0.03356635996395614 -0.015335897465626577
0.0410069135802469 -0.015475000000000001
0.049624830050668256 -0.015363617889949383
0.05952413916397589 -0.014970770994301755
0.07080887070892586 -0.014265479171884126
0.08357210542317368 -0.013221080275255358
0.09779389025444726 -0.011855489462526505
0.11338758827948915 -0.010212920110192834
0.13026570069638324 -0.008337925495130885
0.14834072870321424 -0.006275058894217134
0.16752517349806606 -0.004068873584328133
0.18773153627902317 -0.001763922842340364
0.20887231824417007 0.000595240054869686
0.23086002059159078 0.002964061830425458
0.2536071445193699 0.005297989207450492
0.27705445995512723 0.007553317142447837
0.30135166040571015 0.009692609566741806
0.32674207954455275 0.011681240184726561
0.35346949274398903 0.013484595954442897
0.38177767537635315 0.015068063833931606
0.41191040281397784 0.01639703078123341
0.44411145042919764 0.017436883754389114
0.4786245935943456 0.018153009711439464
0.5156936076817555 0.018510795610425238
0.5555622680637617 0.01847562840938721
0.5983527422990231 0.01802123716503882
0.6435294481391819 0.01716647150345752
0.6903354404157892 0.01594536618781084
0.7380136071458387 0.014391967424474305
0.7858068363463221 0.012540321419823513
0.8329580160342326 0.010424474380234007
0.8787100342265632 0.008078472512081322
0.922305778940306 0.00553636202174107
0.9629881381924541 0.0028321891155887566
1.0 0.0
>>>>>>> Stashed changes
