Aerofoil1068
1.0 0.0
0.9861482623397535 0.0065209006801499325
0.9694688045643663 0.012932704069008625
0.9501479867545983 0.01927476152674452
0.9283721689912078 0.025586424413526054
0.9043277113549537 0.03190704408952167
0.8782009739265938 0.038275971914899794
0.8501783167868875 0.044732559249828885
0.8204461000165929 0.05131615745447739
0.7891906836964689 0.05806611788901372
0.7565984278437198 0.06502175363533425
0.7228556081390032 0.07217158250830208
0.6881482496684012 0.07935319109601904
0.652662331186916 0.0863762611262499
0.6165838314495499 0.09305047432675935
0.5800987292113049 0.0991855124253122
0.5433930032271839 0.10459105714967327
0.5066526322521889 0.10907679022760725
0.4700635950413223 0.1124523933868789
0.43381187034958646 0.11452754835525304
0.3980834358395367 0.11511243073886562
0.3630640375750155 0.11412191835855912
0.3289389048925469 0.11170449350478007
0.29589319721206214 0.10804024668373557
0.26411207395349273 0.10330926840163271
0.23378069453676986 0.09769164916467846
0.20508421838182517 0.09136747947907992
0.17820780490859006 0.08451684985104416
0.15333661353699565 0.07731985078677818
0.13065580368697347 0.06995657279248907
0.11034889473244842 0.0626065522128196
0.09247251508040302 0.055406449706939684
0.07686820414119769 0.048420248671089856
0.0633566666666667 0.04170489259719417
0.05175860740864416 0.035317324977176594
0.041894731118964364 0.029314489302961204
0.03358574254946155 0.023753329066472022
0.026652346451969955 0.018690787759633083
0.020915247578323814 0.014183808874368427
0.0161951506803573 0.010289335902602042
0.012313915123070316 0.0070627780541808625
0.009138285858276675 0.004499899323203486
0.006593315802654644 0.0025189824588736226
0.004607954692316488 0.0010331320083846764
0.003111152263374489 -4.454748106994075e-05
0.002031858251940898 -0.0008009514622968363
0.0012990223941279958 -0.001322975388102599
0.0008415944260480529 -0.0016975147112938227
0.0005885240838133396 -0.002011464884677103
0.00046876110353612633 -0.0023517213610590353
0.0004137119382788191 -0.00280294278731676
0.00041128753095695227 -0.003398341273949989
0.000505903314339189 -0.004119682395081025
0.0007444314381443248 -0.004946494918902684
0.0011737440520911573 -0.005858307613607812
0.0018407133058984935 -0.006834649247389258
0.002792211349285115 -0.007855048588439833
0.004075110331969844 -0.008899034404952398
0.005736282403671445 -0.009946135465119766
0.007822599714108733 -0.010975880537134785
0.010382992088005869 -0.011967420068453131
0.01349717826498154 -0.012894243707352062
0.017268578352308602 -0.01372548340769186
0.021801222138742797 -0.014430159028299524
0.02719913941304007 -0.014977290428002093
0.03356635996395614 -0.015335897465626577
0.0410069135802469 -0.015475000000000001
0.049624830050668256 -0.015363617889949383
0.05952413916397589 -0.014970770994301755
0.07080887070892586 -0.014265479171884126
0.08357210542317368 -0.013221080275255358
0.09779389025444726 -0.011855489462526505
0.11338758827948915 -0.010212920110192834
0.13026570069638324 -0.008337925495130885
0.14834072870321424 -0.006275058894217134
0.16752517349806606 -0.004068873584328133
0.18773153627902317 -0.001763922842340364
0.20887231824417007 0.000595240054869686
0.23086002059159078 0.002964061830425458
0.2536071445193699 0.005297989207450492
0.27705445995512723 0.007553317142447837
0.30135166040571015 0.009692609566741806
0.32674207954455275 0.011681240184726561
0.35346949274398903 0.013484595954442897
0.38177767537635315 0.015068063833931606
0.41191040281397784 0.01639703078123341
0.44411145042919764 0.017436883754389114
0.4786245935943456 0.018153009711439464
0.5156936076817555 0.018510795610425238
0.5555622680637617 0.01847562840938721
0.5983527422990231 0.01802123716503882
0.6435294481391819 0.01716647150345752
0.6903354404157892 0.01594536618781084
0.7380136071458387 0.014391967424474305
0.7858068363463221 0.012540321419823513
0.8329580160342326 0.010424474380234007
0.8787100342265632 0.008078472512081322
0.922305778940306 0.00553636202174107
0.9629881381924541 0.0028321891155887566
1.0 0.0
