<<<<<<< Updated upstream
Aerofoil66
1.000000000000000000e+00 0.000000000000000000e+00
9.757542486307654306e-01 5.778793343423523944e-03
9.514914372186094038e-01 1.169287371425157054e-02
9.272019672553472036e-01 1.770045948125506183e-02
9.028833853340382243e-01 2.375556093481772518e-02
8.785393833609725922e-01 2.980973525386173412e-02
8.541788957558850148e-01 3.581358544971161018e-02
8.298152869457271485e-01 4.171802683750532037e-02
8.054656227545785585e-01 4.747534311317055944e-02
7.811500195828557924e-01 5.304005270096900926e-02
7.568910655528442444e-01 5.836960468195018931e-02
7.327133080747078031e-01 6.342492231611798759e-02
7.086428025576634315e-01 6.817081092947979704e-02
6.847067172548145786e-01 7.257624575018314927e-02
6.609329894874093059e-01 7.661455414443725520e-02
6.373500287448882196e-01 8.026350562162644364e-02
6.139864624011319716e-01 8.350532194773287176e-02
5.908709200248356552e-01 8.632661872567078121e-02
5.680318524928631430e-01 8.871828886916292845e-02
5.454973823399077437e-01 9.067533751214443272e-02
5.232951819957096795e-01 9.219667705712279726e-02
5.014523767725973524e-01 9.328489027224741437e-02
4.799954696711400959e-01 9.394596859680025280e-02
4.589502852703107871e-01 9.418903210720390440e-02
4.383419301607941465e-01 9.402603692922240075e-02
4.181947675658828634e-01 9.347147525556984138e-02
3.985324039738994406e-01 9.254207254043599062e-02
3.793776857792051094e-01 9.125648589223644969e-02
3.607527040956980402e-01 8.963500717199707202e-02
3.426788060672267267e-01 8.769927382594162879e-02
3.251766111536092407e-01 8.547199003585430332e-02
3.082660310189715425e-01 8.297666035840935150e-02
2.919662917909066069e-01 8.023733764366579313e-02
2.762959575945400648e-01 7.727838667209499524e-02
2.612729543949974254e-01 7.412426462762143620e-02
2.469145933050177488e-01 7.079931922997652338e-02
2.332375926315661818e-01 6.732760508197657701e-02
2.202580980462836291e-01 6.373271854490415722e-02
2.079917003695316291e-01 6.003765123678291016e-02
1.964534505566037370e-01 5.626466205275014454e-02
1.856578715674643831e-01 5.243516743273489433e-02
1.756189668881280863e-01 4.856964944801130807e-02
1.663502255525440288e-01 4.468758114369254103e-02
1.578646235886155824e-01 4.080736845763426046e-02
1.501746218807866740e-01 3.694630793630171439e-02
1.432921605045054114e-01 3.312055938370190439e-02
1.372286496448139603e-01 2.934513250925319117e-02
1.319949572623767831e-01 2.563388658324880498e-02
1.276013937154412969e-01 2.199954206313153512e-02
1.240576935855608742e-01 1.845370311891396733e-02
1.213729949884110454e-01 1.500688996052430488e-02
1.195558166787307752e-01 1.166857985240734447e-02
1.186140332803389957e-01 8.447255690139843579e-03
1.185548489883220119e-01 5.350461008898118286e-03
1.193847701009072143e-01 2.384860293125679476e-03
1.211095767432281006e-01 -4.436965405428997629e-04
1.237342941441877814e-01 -3.130106610360171814e-03
1.272631638209512084e-01 -5.669944604367115927e-03
1.316996150132705712e-01 -8.059392495979561533e-03
1.370462366918909214e-01 -1.029516954985944428e-02
1.433047504417202800e-01 -1.237446372733792821e-02
1.504759844912983424e-01 -1.429486560447467032e-02
1.585598491253838727e-01 -1.605430592503189619e-02
1.675553136772278684e-01 -1.765099792644085619e-02
1.774603852513248203e-01 -1.908338560046333315e-02
1.882720892761636233e-01 -2.035009908293219233e-02
1.999864519297533116e-01 -2.144991840991383736e-02
2.125984844184983236e-01 -2.238174693210086968e-02
2.261021690223703473e-01 -2.314459574643860929e-02
2.404904467462797291e-01 -2.373758058514079117e-02
2.557552063391285158e-01 -2.415993269858332515e-02
2.718872743582295692e-01 -2.441102538130585781e-02
2.888764058676482338e-01 -2.449041792072442422e-02
3.067112752645640428e-01 -2.439791889739083286e-02
3.253794666279961612e-01 -2.413367093495027288e-02
3.448674628792125496e-01 -2.369825918857456151e-02
3.651606329328458966e-01 -2.309284607380902854e-02
3.862432159022384237e-01 -2.231933497469252778e-02
4.080983013017926986e-01 -2.138056593191775892e-02
4.307078040632058569e-01 -2.028054659991842049e-02
4.540524330513712736e-01 -1.902472207732649329e-02
4.781116516295101926e-01 -1.762028755946266900e-02
5.028636286817498302e-01 -1.607654813563073187e-02
5.282851783549065150e-01 -1.440533045920940579e-02
5.543516866297218959e-01 -1.262145145609567219e-02
5.810370226752002987e-01 -1.074324970818185156e-02
6.083134327780930217e-01 -8.793185654464777748e-03
6.361514144729418785e-01 -6.798517294319527532e-03
6.645195683264731867e-01 -4.792058656646113433e-03
6.933844246535590949e-01 -2.813028916239175645e-03
7.227102422604168019e-01 -9.080006960676468338e-04
7.524587761242813588e-01 8.680432075958588890e-04
7.825890107274102725e-01 2.450534699856810831e-03
8.130568555670624198e-01 3.764016100585814654e-03
8.438147991619923127e-01 4.720695107042015455e-03
8.748115176700669293e-01 5.218846542080078817e-03
9.059914340208923278e-01 5.141047503058990449e-03
9.372942232517791350e-01 4.352231557068703474e-03
9.686542595150952062e-01 2.697546609092410941e-03
1.000000000000000000e+00 0.000000000000000000e+00
=======
Aerofoil1021
1.0 0.0
0.9861482623397535 0.004361083931880024
0.9694688045643663 0.00930216391271405
0.9501479867545983 0.01474152521470288
0.9283721689912078 0.020597453110047313
0.9043277113549537 0.026788232870948146
0.8782009739265938 0.03323214976960618
0.8501783167868875 0.03984748907822219
0.8204461000165929 0.04655253606899703
0.7891906836964689 0.053265576014131455
0.7565984278437198 0.05990489295565298
0.7228556081390032 0.06638713849566034
0.6881482496684012 0.07262411366305002
0.652662331186916 0.07852672269040488
0.6165838314495499 0.0840058698103078
0.5800987292113049 0.08897245925534171
0.5433930032271839 0.09333739525808954
0.5066526322521889 0.09701158205113411
0.4700635950413223 0.09990592386705834
0.43381187034958646 0.10193132493844517
0.3980834358395367 0.10299890384394302
0.3630640375750155 0.10306522052810232
0.3289389048925469 0.1021882206244906
0.29589319721206214 0.10043956791487217
0.26411207395349273 0.09789092618101138
0.23378069453676986 0.09461395920467248
0.20508421838182517 0.09068033076761989
0.17820780490859006 0.08616170465161792
0.15333661353699565 0.08112974463843083
0.13065580368697347 0.075656114509823
0.11034889473244842 0.06981263291755575
0.09247251508040302 0.06368310086241817
0.07686820414119769 0.057371630258510616
0.0633566666666667 0.05098430044248809
0.05175860740864416 0.0446271907510055
0.041894731118964364 0.03840638052071781
0.03358574254946155 0.032427949088280006
0.026652346451969955 0.02679797579034703
0.020915247578323814 0.02162253996357385
0.0161951506803573 0.017007720944615383
0.012313915123070316 0.013057575130527053
0.009138285858276675 0.009797517141431107
0.006593315802654644 0.007150803147671706
0.004607954692316488 0.005033861898444477
0.003111152263374489 0.0033631221429450547
0.002031858251940898 0.0020550126303690423
0.0012990223941279958 0.001025962109912076
0.0008415944260480529 0.00019239933076978103
0.0005885240838133396 -0.0005292469578622179
0.00046876110353612633 -0.0012225480067882964
0.0004137119382788191 -0.0019690330156088174
0.00041128753095695227 -0.002803264006231871
0.000505903314339189 -0.003712835822873302
0.0007444314381443248 -0.004683301258544903
0.0011737440520911573 -0.005700213106258501
0.0018407133058984935 -0.0067491241590259266
0.002792211349285115 -0.00781558720985897
0.004075110331969844 -0.00888515505176947
0.005736282403671445 -0.009943380477769218
0.007822599714108733 -0.010975816280870049
0.010382992088005869 -0.011967420068453131
0.01349717826498154 -0.012894243707352062
0.017268578352308602 -0.01372548340769186
0.021801222138742797 -0.014430159028299524
0.02719913941304007 -0.014977290428002093
0.03356635996395614 -0.015335897465626577
0.0410069135802469 -0.015475000000000001
0.049624830050668256 -0.015363617889949383
0.05952413916397589 -0.014970770994301755
0.07080887070892586 -0.014265479171884126
0.08357210542317368 -0.013221080275255358
0.09779389025444726 -0.011855489462526505
0.11338758827948915 -0.010212920110192834
0.13026570069638324 -0.008337925495130885
0.14834072870321424 -0.006275058894217134
0.16752517349806606 -0.004068873584328133
0.18773153627902317 -0.001763922842340364
0.20887231824417007 0.000595240054869686
0.23086002059159078 0.002964061830425458
0.2536071445193699 0.005297989207450492
0.27705445995512723 0.007553317142447837
0.30135166040571015 0.009692609566741806
0.32674207954455275 0.011681240184726561
0.35346949274398903 0.013484595954442897
0.38177767537635315 0.015068063833931606
0.41191040281397784 0.01639703078123341
0.44411145042919764 0.017436883754389114
0.4786245935943456 0.018153009711439464
0.5156936076817555 0.018510795610425238
0.5555622680637617 0.01847562840938721
0.5983527422990231 0.01802123716503882
0.6435294481391819 0.01716647150345752
0.6903354404157892 0.01594536618781084
0.7380136071458387 0.014391967424474305
0.7858068363463221 0.012540321419823513
0.8329580160342326 0.010424474380234007
0.8787100342265632 0.008078472512081322
0.922305778940306 0.00553636202174107
0.9629881381924541 0.0028321891155887566
1.0 0.0
>>>>>>> Stashed changes
