Aerofoil1143
1.0 0.0
0.9861482623397535 0.005251288932586761
0.9694688045643663 0.010702322479977823
0.9501479867545983 0.016335214402982995
0.9283721689912078 0.0221320784624121
0.9043277113549537 0.02807502841907495
0.8782009739265938 0.03414617803378134
0.8501783167868875 0.0403276410673411
0.8204461000165929 0.04660153128056404
0.7891906836964689 0.052949962434259965
0.7565984278437198 0.05935503069328801
0.7228556081390032 0.06577548239597622
0.6881482496684012 0.07210068304718442
0.652662331186916 0.07820717070373841
0.6165838314495499 0.08397148342246394
0.5800987292113049 0.08927015926018679
0.5433930032271839 0.09397973627373282
0.5066526322521889 0.09797675251992771
0.4700635950413223 0.10113774605559729
0.43381187034958646 0.10333925493756735
0.3980834358395367 0.10445812999910335
0.3630640375750155 0.10443753067868769
0.3289389048925469 0.1033685596707819
0.29589319721206214 0.10136233736198842
0.26411207395349273 0.09852998413890976
0.23378069453676986 0.09498262038814839
0.20508421838182517 0.09083136649630678
0.17820780490859006 0.08618734284998747
0.15333661353699565 0.08116166983579289
0.13065580368697347 0.07586546784032551
0.11034889473244842 0.07040959415087514
0.09247251508040302 0.06488454996346486
0.07686820414119769 0.059346331486479935
0.0633566666666667 0.05384759259259261
0.05175860740864416 0.04844098715447507
0.041894731118964364 0.0431791690447996
0.03358574254946155 0.03811479213623841
0.026652346451969955 0.033300510301463776
0.020915247578323814 0.028788977413147922
0.0161951506803573 0.024632847343963055
0.012313915123070316 0.02088367789672058
0.009138285858276675 0.017550417158390785
0.006593315802654644 0.014586661687970381
0.004607954692316488 0.011942308808675639
0.003111152263374489 0.009567255843722856
0.002031858251940898 0.007411400116328282
0.0012990223941279958 0.005424638949708213
0.0008415944260480529 0.0035568696670789293
0.0005885240838133396 0.0017579895916567103
0.00046876110353612633 -2.210395334216334e-05
0.0004137119382788191 -0.0018314151032821344
0.00041128753095695227 -0.0036696815408842677
0.000505903314339189 -0.005488374496226299
0.0007444314381443248 -0.007236866657966614
0.0011737440520911573 -0.00886453071476366
0.0018407133058984935 -0.01032073935527589
0.002792211349285115 -0.011554865268161688
0.004075110331969844 -0.012516281142079515
0.005736282403671445 -0.01315435966568778
0.007822599714108733 -0.013418473527644923
0.010382992088005869 -0.013262061383991454
0.01349717826498154 -0.012699400810114702
0.017268578352308602 -0.011791603301988276
0.021801222138742797 -0.010600985086661976
0.02719913941304007 -0.009189862391185565
0.03356635996395614 -0.00762055144260886
0.0410069135802469 -0.00595536846798163
0.049624830050668256 -0.004256629694353641
0.05952413916397589 -0.0025866513487747197
0.07080887070892586 -0.0010077496582946148
0.08357210542317368 0.0004212897935249985
0.09779389025444726 0.0016781304277625072
0.11338758827948915 0.002761938622483858
0.13026570069638324 0.003672158678128665
0.14834072870321424 0.004408234895136585
0.16752517349806606 0.00496961157394724
0.18773153627902317 0.005355733015000279
0.20887231824417007 0.005566043518735339
0.23086002059159078 0.005599987385592056
0.2536071445193699 0.005457008916010067
0.27705445995512723 0.005141578286371463
0.30135166040571015 0.0046953100374455044
0.32674207954455275 0.004176466924060842
0.35346949274398903 0.003643390230357703
0.38177767537635315 0.0031544212404763226
0.41191040281397784 0.0027679012385569456
0.44411145042919764 0.002542171508739805
0.4786245935943456 0.00253557333516514
0.5156936076817555 0.002806448001973186
0.5555622680637617 0.0034131367933041873
0.5983527422990231 0.004383338706246356
0.6435294481391819 0.005579015374587408
0.6903354404157892 0.006806350222350926
0.7380136071458387 0.007871484640244971
0.7858068363463221 0.008580560018977557
0.8329580160342326 0.008739717749256734
0.8787100342265632 0.008155099221790526
0.922305778940306 0.006632845827286985
0.9629881381924541 0.003979098956454112
1.0 0.0
