Aerofoil5004
1.0 0.0
0.9861482623397535 0.005614391437295925
0.9694688045643663 0.011353548725802723
0.9501479867545983 0.017221269661414854
0.9283721689912078 0.023221352040026774
0.9043277113549537 0.02935759365753294
0.8782009739265938 0.03563379230982779
0.8501783167868875 0.0420537457928058
0.8204461000165929 0.04862125190236142
0.7891906836964689 0.05534010843438909
0.7565984278437198 0.062214088133483655
0.7228556081390032 0.0692137206696352
0.6881482496684012 0.07621075843840545
0.652662331186916 0.0830586914379282
0.6165838314495499 0.08961100966633719
0.5800987292113049 0.09572120312176625
0.5433930032271839 0.1012427618023492
0.5066526322521889 0.10602917570621978
0.4700635950413223 0.10993393483151179
0.43381187034958646 0.11281052917635903
0.3980834358395367 0.11451279371190813
0.3630640375750155 0.11496769768803125
0.3289389048925469 0.1142653825896812
0.29589319721206214 0.11251806817463376
0.26411207395349273 0.1098379742006646
0.23378069453676986 0.1063373204255494
0.20508421838182517 0.10212832660706388
0.17820780490859006 0.09732321250298373
0.15333661353699565 0.09203419787108463
0.13065580368697347 0.08637350246914231
0.11034889473244842 0.08045315795788606
0.09247251508040302 0.0743706428599036
0.07686820414119769 0.06819876711848158
0.0633566666666667 0.062007951147762363
0.05175860740864416 0.05586861536188819
0.041894731118964364 0.04985118017500141
0.03358574254946155 0.04402606600124436
0.026652346451969955 0.03846369325475935
0.020915247578323814 0.0332344823496887
0.0161951506803573 0.02840885370017468
0.012313915123070316 0.02405597720784581
0.009138285858276675 0.02019640910035501
0.006593315802654644 0.016787554723406293
0.004607954692316488 0.01378259894296945
0.003111152263374489 0.011134726625014295
0.002031858251940898 0.008797122635510584
0.0012990223941279958 0.006722971840428129
0.0008415944260480529 0.004865459105736724
0.0005885240838133396 0.0031777692974061635
0.00046876110353612633 0.0016130872814062412
0.0004137119382788191 0.00012555899367370168
0.00041128753095695227 -0.001308565020614778
0.000505903314339189 -0.002690929607042635
0.0007444314381443248 -0.004022218541226297
0.0011737440520911573 -0.00530311559878224
0.0018407133058984935 -0.006534304555326937
0.002792211349285115 -0.0077164691864768185
0.004075110331969844 -0.00885029326784837
0.005736282403671445 -0.009936460575058028
0.007822599714108733 -0.010975654883722265
0.010382992088005869 -0.011967420068453131
0.01349717826498154 -0.012894243707352062
0.017268578352308602 -0.01372548340769186
0.021801222138742797 -0.014430159028299524
0.02719913941304007 -0.014977290428002093
0.03356635996395614 -0.015335897465626577
0.0410069135802469 -0.015475000000000001
0.049624830050668256 -0.015363617889949383
0.05952413916397589 -0.014970770994301755
0.07080887070892586 -0.014265479171884126
0.08357210542317368 -0.013221080275255358
0.09779389025444726 -0.011855489462526505
0.11338758827948915 -0.010212920110192834
0.13026570069638324 -0.008337925495130885
0.14834072870321424 -0.006275058894217134
0.16752517349806606 -0.004068873584328133
0.18773153627902317 -0.001763922842340364
0.20887231824417007 0.000595240054869686
0.23086002059159078 0.002964061830425458
0.2536071445193699 0.005297989207450492
0.27705445995512723 0.007553317142447837
0.30135166040571015 0.009692609566741806
0.32674207954455275 0.011681240184726561
0.35346949274398903 0.013484595954442897
0.38177767537635315 0.015068063833931606
0.41191040281397784 0.01639703078123341
0.44411145042919764 0.017436883754389114
0.4786245935943456 0.018153009711439464
0.5156936076817555 0.018510795610425238
0.5555622680637617 0.01847562840938721
0.5983527422990231 0.01802123716503882
0.6435294481391819 0.01716647150345752
0.6903354404157892 0.01594536618781084
0.7380136071458387 0.014391967424474305
0.7858068363463221 0.012540321419823513
0.8329580160342326 0.010424474380234007
0.8787100342265632 0.008078472512081322
0.922305778940306 0.00553636202174107
0.9629881381924541 0.0028321891155887566
1.0 0.0
