<<<<<<< Updated upstream
Aerofoil68
1.000000000000000000e+00 0.000000000000000000e+00
9.757542486307654306e-01 7.980772699590492000e-03
9.514914372186094038e-01 1.567485223950877346e-02
9.272019672553472036e-01 2.310473528943637889e-02
9.028833853340382243e-01 3.028107194236937319e-02
8.785393833609725922e-01 3.720520420527159006e-02
8.541788957558850148e-01 4.387137480315028010e-02
8.298152869457271485e-01 5.026863558852308345e-02
8.054656227545785585e-01 5.638248307685576888e-02
7.811500195828557924e-01 6.219624692369436075e-02
7.568910655528442444e-01 6.769225551971209953e-02
7.327133080747078031e-01 7.285280130454860337e-02
7.086428025576634315e-01 7.766092688796571997e-02
6.847067172548145786e-01 8.210105161627716253e-02
6.609329894874093059e-01 8.615945683206618910e-02
6.373500287448882196e-01 8.982464674468351729e-02
6.139864624011319716e-01 9.308760055674089595e-02
5.908709200248356552e-01 9.594193027660405382e-02
5.680318524928631430e-01 9.838395748754436010e-02
5.454973823399077437e-01 1.004127212395651836e-01
5.232951819957096795e-01 1.020299281787721835e-01
5.014523767725973524e-01 1.032398550303442047e-01
4.799954696711400959e-01 1.040492126034777143e-01
4.589502852703107871e-01 1.044669795889524161e-01
4.383419301607941465e-01 1.045042135710148590e-01
4.181947675658828634e-01 1.041738458738996620e-01
3.985324039738994406e-01 1.034904661083485417e-01
3.793776857792051094e-01 1.024701015737281840e-01
3.607527040956980402e-01 1.011299960056372266e-01
3.426788060672267267e-01 9.948839153601816976e-02
3.251766111536092407e-01 9.756431715158797591e-02
3.082660310189715425e-01 9.537738639567465426e-02
2.919662917909066069e-01 9.294760655712087927e-02
2.762959575945400648e-01 9.029520112659381037e-02
2.612729543949974254e-01 8.744044687425490958e-02
2.469145933050177488e-01 8.440352651209319379e-02
2.332375926315661818e-01 8.120439754813915667e-02
2.202580980462836291e-01 7.786267761705922830e-02
2.079917003695316291e-01 7.439754628111186485e-02
1.964534505566037370e-01 7.082766303592440138e-02
1.856578715674643831e-01 6.717110102585459319e-02
1.756189668881280863e-01 6.344529577264210185e-02
1.663502255525440288e-01 5.966700804745019709e-02
1.578646235886155824e-01 5.585229986905917293e-02
1.501746218807866740e-01 5.201652248871987266e-02
1.432921605045054114e-01 4.817431512382706893e-02
1.372286496448139603e-01 4.433961312693112528e-02
1.319949572623767831e-01 4.052566422250490630e-02
1.276013937154412969e-01 3.674505141012415071e-02
1.240576935855608742e-01 3.300972111812611881e-02
1.213729949884110454e-01 2.933101519519498712e-02
1.195558166787307752e-01 2.571970534750165488e-02
1.186140332803389957e-01 2.218602866481683353e-02
1.185548489883220119e-01 1.873972292922840288e-02
1.193847701009072143e-01 1.539006046355491202e-02
1.211095767432281006e-01 1.214587935205900006e-02
1.237342941441877814e-01 9.015610952453215546e-03
1.272631638209512084e-01 6.007302714268380507e-03
1.316996150132705712e-01 3.128635423233991526e-03
1.370462366918909214e-01 3.869341032238336883e-04
1.433047504417202800e-01 -2.210828074643445256e-03
1.504759844912983424e-01 -4.658033403169444669e-03
1.585598491253838727e-01 -6.948431171169475000e-03
1.675553136772278684e-01 -9.076157387818136607e-03
1.774603852513248203e-01 -1.103576283982998611e-02
1.882720892761636233e-01 -1.282224949110574198e-02
1.999864519297533116e-01 -1.443111510448891362e-02
2.125984844184983236e-01 -1.585840583744796070e-02
2.261021690223703473e-01 -1.710077643900663122e-02
2.404904467462797291e-01 -1.815555755527488782e-02
2.557552063391285158e-01 -1.902082953666994064e-02
2.718872743582295692e-01 -1.969550203254447421e-02
2.888764058676482338e-01 -2.017939855964220180e-02
3.067112752645640428e-01 -2.047334514076341871e-02
3.253794666279961612e-01 -2.057926203042960075e-02
3.448674628792125496e-01 -2.050025747637030868e-02
3.651606329328458966e-01 -2.024072241050288434e-02
3.862432159022384237e-01 -1.980642492191827392e-02
4.080983013017926986e-01 -1.920460333841115044e-02
4.307078040632058569e-01 -1.844405673348183464e-02
4.540524330513712736e-01 -1.753523168367637775e-02
4.781116516295101926e-01 -1.649030412780427834e-02
5.028636286817498302e-01 -1.532325522616369631e-02
5.282851783549065150e-01 -1.404994018559747523e-02
5.543516866297218959e-01 -1.268814910618244404e-02
5.810370226752002987e-01 -1.125765901880562865e-02
6.083134327780930217e-01 -9.780276420986180885e-03
6.361514144729418785e-01 -8.279869782246753948e-03
6.645195683264731867e-01 -6.782391681307557707e-03
6.933844246535590949e-01 -5.315890456551974376e-03
7.227102422604168019e-01 -3.910511499782600049e-03
7.524587761242813588e-01 -2.598488602431107530e-03
7.825890107274102725e-01 -1.414126074292367105e-03
8.130568555670624198e-01 -3.937726987041279990e-04
8.438147991619923127e-01 4.242110339258011549e-04
8.748115176700669293e-01 9.994905590481224789e-04
9.059914340208923278e-01 1.289797432368121419e-03
9.372942232517791350e-01 1.250969293245948136e-03
9.686542595150952062e-01 8.369862782974437504e-04
1.000000000000000000e+00 0.000000000000000000e+00
=======
Aerofoil1022
1.0 0.0
0.9861482623397535 0.005831719421590046
0.9694688045643663 0.011674702241039678
0.9501479867545983 0.017537931072332216
0.9283721689912078 0.02343038852945098
0.9043277113549537 0.029361057226379293
0.8782009739265938 0.035338919777100464
0.8501783167868875 0.04137295879559782
0.8204461000165929 0.047472156895854684
0.7891906836964689 0.05364549669185436
0.7565984278437198 0.0599019402924994
0.7228556081390032 0.06622323956452013
0.6881482496684012 0.07251029484119907
0.652662331186916 0.07864905825194266
0.6165838314495499 0.08452548192615729
0.5800987292113049 0.09002551799324941
0.5433930032271839 0.09503511858262552
0.5066526322521889 0.09944023582369196
0.4700635950413223 0.10312682184585518
0.43381187034958646 0.10598082877852169
0.3980834358395367 0.10788846356628216
0.3630640375750155 0.10878995397280473
0.3289389048925469 0.10874605534394406
0.29589319721206214 0.1078338311973518
0.26411207395349273 0.10613034505067959
0.23378069453676986 0.10371266042157905
0.20508421838182517 0.1006578408277018
0.17820780490859006 0.09704294978669953
0.15333661353699565 0.09294505081622381
0.13065580368697347 0.0884412074339263
0.11034889473244842 0.08360842012972715
0.09247251508040302 0.07851881291461753
0.07686820414119769 0.07323624382932181
0.0633566666666667 0.06782377022893837
0.05175860740864416 0.0623444494685656
0.041894731118964364 0.05686133890330186
0.03358574254946155 0.05143749588824557
0.026652346451969955 0.04613597777849511
0.020915247578323814 0.041019841929148884
0.0161951506803573 0.03615214569530524
0.012313915123070316 0.031595068277736095
0.009138285858276675 0.027376650627770865
0.006593315802654644 0.023480586903251003
0.004607954692316488 0.019887607491166047
0.003111152263374489 0.016578442778505544
0.002031858251940898 0.013533823152258987
0.0012990223941279958 0.010734478999415925
0.0008415944260480529 0.008161140706965893
0.0005885240838133396 0.005794538661898419
0.00046876110353612633 0.0036154032512030402
0.0004137119382788191 0.001604629471857982
0.00041128753095695227 -0.00025310164941844273
0.000505903314339189 -0.001969323056167894
0.0007444314381443248 -0.0035554030819432625
0.0011737440520911573 -0.0050227100602974984
0.0018407133058984935 -0.006382612324783548
0.002792211349285115 -0.007646478208954309
0.004075110331969844 -0.008825676046362741
0.005736282403671445 -0.009931574170561749
0.007822599714108733 -0.010975540915104276
0.010382992088005869 -0.011967420068453131
0.01349717826498154 -0.012894243707352062
0.017268578352308602 -0.01372548340769186
0.021801222138742797 -0.014430159028299524
0.02719913941304007 -0.014977290428002093
0.03356635996395614 -0.015335897465626577
0.0410069135802469 -0.015475000000000001
0.049624830050668256 -0.015363617889949383
0.05952413916397589 -0.014970770994301755
0.07080887070892586 -0.014265479171884126
0.08357210542317368 -0.013221080275255358
0.09779389025444726 -0.011855489462526505
0.11338758827948915 -0.010212920110192834
0.13026570069638324 -0.008337925495130885
0.14834072870321424 -0.006275058894217134
0.16752517349806606 -0.004068873584328133
0.18773153627902317 -0.001763922842340364
0.20887231824417007 0.000595240054869686
0.23086002059159078 0.002964061830425458
0.2536071445193699 0.005297989207450492
0.27705445995512723 0.007553317142447837
0.30135166040571015 0.009692609566741806
0.32674207954455275 0.011681240184726561
0.35346949274398903 0.013484595954442897
0.38177767537635315 0.015068063833931606
0.41191040281397784 0.01639703078123341
0.44411145042919764 0.017436883754389114
0.4786245935943456 0.018153009711439464
0.5156936076817555 0.018510795610425238
0.5555622680637617 0.01847562840938721
0.5983527422990231 0.01802123716503882
0.6435294481391819 0.01716647150345752
0.6903354404157892 0.01594536618781084
0.7380136071458387 0.014391967424474305
0.7858068363463221 0.012540321419823513
0.8329580160342326 0.010424474380234007
0.8787100342265632 0.008078472512081322
0.922305778940306 0.00553636202174107
0.9629881381924541 0.0028321891155887566
1.0 0.0
>>>>>>> Stashed changes
