Aerofoil1395
1.0 0.0
0.9861482623397535 0.005251288932586761
0.9694688045643663 0.010702322479977823
0.9501479867545983 0.016335214402982995
0.9283721689912078 0.0221320784624121
0.9043277113549537 0.02807502841907495
0.8782009739265938 0.03414617803378134
0.8501783167868875 0.0403276410673411
0.8204461000165929 0.04660153128056404
0.7891906836964689 0.052949962434259965
0.7565984278437198 0.05935503069328801
0.7228556081390032 0.06577548239597622
0.6881482496684012 0.07210068304718442
0.652662331186916 0.07820717070373841
0.6165838314495499 0.08397148342246394
0.5800987292113049 0.08927015926018679
0.5433930032271839 0.09397973627373282
0.5066526322521889 0.09797675251992771
0.4700635950413223 0.10113774605559729
0.43381187034958646 0.10333925493756735
0.3980834358395367 0.10445812999910335
0.3630640375750155 0.10443753067868769
0.3289389048925469 0.1033685596707819
0.29589319721206214 0.10136233736198842
0.26411207395349273 0.09852998413890976
0.23378069453676986 0.09498262038814839
0.20508421838182517 0.09083136649630678
0.17820780490859006 0.08618734284998747
0.15333661353699565 0.08116166983579289
0.13065580368697347 0.07586546784032551
0.11034889473244842 0.07040959415087514
0.09247251508040302 0.06488454996346486
0.07686820414119769 0.059346331486479935
0.0633566666666667 0.05384759259259261
0.05175860740864416 0.04844098715447507
0.041894731118964364 0.0431791690447996
0.03358574254946155 0.03811479213623841
0.026652346451969955 0.033300510301463776
0.020915247578323814 0.028788977413147922
0.0161951506803573 0.024632847343963055
0.012313915123070316 0.020883796830975423
0.009138285858276675 0.017555516464567187
0.006593315802654644 0.014612351487016501
0.004607954692316488 0.01201534930793119
0.003111152263374489 0.009725557336919094
0.002031858251940898 0.007704022983588009
0.0012990223941279958 0.005911793657545775
0.0008415944260480529 0.00430991676840022
0.0005885240838133396 0.002859439725759168
0.00046876110353612633 0.001521409939230447
0.0004137119382788191 0.00025773581973417213
0.00041128753095695227 -0.0009498711916268394
0.000505903314339189 -0.002099896623567105
0.0007444314381443248 -0.0031899650034888033
0.0011737440520911573 -0.004217700858794155
0.0018407133058984935 -0.005180728716885376
0.002792211349285115 -0.006076673105164647
0.004075110331969844 -0.0069031585510341996
0.005736282403671445 -0.007657809581896218
0.007822599714108733 -0.008338250725152919
0.010382992088005869 -0.008941972747189216
0.01349717826498154 -0.009464464953242274
0.017268578352308602 -0.009899675919794484
0.021801222138742797 -0.010241514590434193
0.02719913941304007 -0.01048388990874977
0.03356635996395614 -0.01062071081832957
0.0410069135802469 -0.01064588626276195
0.049624830050668256 -0.01055332518563527
0.05952413916397589 -0.0103369365305379
0.07080887070892586 -0.009990629241058188
0.08357210542317368 -0.00951008167696099
0.09779389025444726 -0.00890923896967573
0.11338758827948915 -0.008212822665770858
0.13026570069638324 -0.007445693595303958
0.14834072870321424 -0.00663271258833258
0.16752517349806606 -0.005798740474914307
0.18773153627902317 -0.004968638085106701
0.20887231824417007 -0.004167266248967319
0.23086002059159078 -0.0034194857965537478
0.2536071445193699 -0.002750157557923538
0.27705445995512723 -0.0021810120531759345
0.30135166040571015 -0.0017106448553743112
0.32674207954455275 -0.0013272823858450694
0.35346949274398903 -0.001019102154821496
0.38177767537635315 -0.0007742816725368814
0.41191040281397784 -0.0005809984492245227
0.44411145042919764 -0.0004274299951177085
0.4786245935943456 -0.000301753820449734
0.5156936076817555 -0.00019214743545389
0.5555622680637617 -8.678835036346767e-05
0.5983527422990231 2.3640929280636447e-05
0.6435294481391819 0.00013490893154812788
0.6903354404157892 0.00023822433708320986
0.7380136071458387 0.000324792390322535
0.7858068363463221 0.0003858183357027522
0.8329580160342326 0.00041250741766051295
0.8787100342265632 0.0003960648806324675
0.922305778940306 0.00032769596905526683
0.9629881381924541 0.00019860592736555983
1.0 0.0
