<<<<<<< Updated upstream
Aerofoil82
1.000000000000000000e+00 0.000000000000000000e+00
9.757542486307654306e-01 6.035635230441086484e-03
9.514914372186094038e-01 1.234716529363775149e-02
9.272019672553472036e-01 1.886825371237096580e-02
9.028833853340382243e-01 2.553273962717128934e-02
8.785393833609725922e-01 3.227568383429443855e-02
8.541788957558850148e-01 3.903424402778674779e-02
8.298152869457271485e-01 4.574839530479866967e-02
8.054656227545785585e-01 5.236151100673690217e-02
7.811500195828557924e-01 5.882081801983148756e-02
7.568910655528442444e-01 6.507773974653729976e-02
7.327133080747078031e-01 7.108813908319557007e-02
7.086428025576634315e-01 7.681247289886286578e-02
6.847067172548145786e-01 8.221586870446956352e-02
6.609329894874093059e-01 8.726813342981264154e-02
6.373500287448882196e-01 9.194370348762384570e-02
6.139864624011319716e-01 9.622154459838123952e-02
5.908709200248356552e-01 1.000850091759747651e-01
5.680318524928631430e-01 1.035216584320796523e-01
5.454973823399077437e-01 1.065230557454649313e-01
5.232951819957096795e-01 1.090845372607488484e-01
5.014523767725973524e-01 1.112049651286445007e-01
4.799954696711400959e-01 1.128864682757976107e-01
4.589502852703107871e-01 1.141341750962249768e-01
4.383419301607941465e-01 1.149559419874282146e-01
4.181947675658828634e-01 1.153620812117672617e-01
3.985324039738994406e-01 1.153650911469711327e-01
3.793776857792051094e-01 1.149793915980120013e-01
3.607527040956980402e-01 1.142210664753092325e-01
3.426788060672267267e-01 1.131076158006469462e-01
3.251766111536092407e-01 1.116577186816028883e-01
3.082660310189715425e-01 1.098910085969986711e-01
2.919662917909066069e-01 1.078278620591982956e-01
2.762959575945400648e-01 1.054892014633106445e-01
2.612729543949974254e-01 1.028963126978029718e-01
2.469145933050177488e-01 1.000706778750050790e-01
2.332375926315661818e-01 9.703382334279313237e-02
2.202580980462836291e-01 9.380718295968566711e-02
2.079917003695316291e-01 9.041197645398058036e-02
1.964534505566037370e-01 8.686910254270524545e-02
1.856578715674643831e-01 8.319904635735501930e-02
1.756189668881280863e-01 7.942180060996877067e-02
1.663502255525440288e-01 7.555679983433313818e-02
1.578646235886155824e-01 7.162286695232859823e-02
1.501746218807866740e-01 6.763817134394023434e-02
1.432921605045054114e-01 6.362019754056044696e-02
1.372286496448139603e-01 5.958572361420998165e-02
1.319949572623767831e-01 5.555080829951316440e-02
1.276013937154412969e-01 5.153078585998437794e-02
1.240576935855608742e-01 4.754026769472465691e-02
1.213729949884110454e-01 4.359314967529419327e-02
1.195558166787307752e-01 3.970262420462632863e-02
1.186140332803389957e-01 3.588119599969311069e-02
1.185548489883220119e-01 3.214070061651514570e-02
1.193847701009072143e-01 2.849232475935348924e-02
1.211095767432281006e-01 2.494662744481978417e-02
1.237342941441877814e-01 2.151356112550897870e-02
1.272631638209512084e-01 1.820249191590158494e-02
1.316996150132705712e-01 1.502221810500141766e-02
1.370462366918909214e-01 1.198098618478551231e-02
1.433047504417202800e-01 9.086503670343512584e-03
1.504759844912983424e-01 6.345948035885996992e-03
1.585598491253838727e-01 3.765971139912178099e-03
1.675553136772278684e-01 1.352698562048374039e-03
1.774603852513248203e-01 -8.882766772855144738e-04
1.882720892761636233e-01 -2.951906495855165322e-03
1.999864519297533116e-01 -4.833706663304325642e-03
2.125984844184983236e-01 -6.529782642883344250e-03
2.261021690223703473e-01 -8.036862715144013972e-03
2.404904467462797291e-01 -9.352338702183422489e-03
2.557552063391285158e-01 -1.047431458041278400e-02
2.718872743582295692e-01 -1.140166324465142350e-02
2.888764058676482338e-01 -1.213409166729754497e-02
3.067112752645640428e-01 -1.267221468409669878e-02
3.253794666279961612e-01 -1.301763763331141056e-02
3.448674628792125496e-01 -1.317304807858341899e-02
3.651606329328458966e-01 -1.314231685816653547e-02
3.862432159022384237e-01 -1.293060872518768736e-02
4.080983013017926986e-01 -1.254450287585792169e-02
4.307078040632058569e-01 -1.199212370579910182e-02
4.540524330513712736e-01 -1.128328218956714014e-02
4.781116516295101926e-01 -1.042962834573411476e-02
5.028636286817498302e-01 -9.444815330230792866e-03
5.282851783549065150e-01 -8.344675794743228875e-03
5.543516866297218959e-01 -7.147411255493466009e-03
5.810370226752002987e-01 -5.873795341410461765e-03
6.083134327780930217e-01 -4.547391930204156343e-03
6.361514144729418785e-01 -3.194789336888071221e-03
6.645195683264731867e-01 -1.845851892547104934e-03
6.933844246535590949e-01 -5.339904423089509959e-04
7.227102422604168019e-01 7.035464987540329630e-04
7.524587761242813588e-01 1.825358964000866778e-03
7.825890107274102725e-01 2.785556911025973206e-03
8.130568555670624198e-01 3.533394268299765249e-03
8.438147991619923127e-01 4.012872874933872541e-03
8.748115176700669293e-01 4.162313222667021924e-03
9.059914340208923278e-01 3.913888573211693304e-03
9.372942232517791350e-01 3.193118664686719725e-03
9.686542595150952062e-01 1.918318837295640610e-03
1.000000000000000000e+00 0.000000000000000000e+00
=======
Aerofoil1025
1.0 0.0
0.9861482623397535 0.009986731447816791
0.9694688045643663 0.01881220302800168
0.9501479867545983 0.02662062712869502
0.9283721689912078 0.03355621613803717
0.9043277113549537 0.039763182444168495
0.8782009739265938 0.04538573843522931
0.8501783167868875 0.050568096499360005
0.8204461000165929 0.05545446902470093
0.7891906836964689 0.06018906839939242
0.7565984278437198 0.06491606321715822
0.7228556081390032 0.06972150688089075
0.6881482496684012 0.07451877140881932
0.652662331186916 0.07918930268947007
0.6165838314495499 0.0836145466113691
0.5800987292113049 0.08767594906304263
0.5433930032271839 0.09125495593301682
0.5066526322521889 0.09423301310981777
0.4700635950413223 0.09649156648197167
0.43381187034958646 0.09791206193800468
0.3980834358395367 0.09837623077291724
0.3630640375750155 0.09782631045426145
0.3289389048925469 0.09633953571193313
0.29589319721206214 0.09401140729018348
0.26411207395349273 0.09093742593326361
0.23378069453676986 0.08721309238542459
0.20508421838182517 0.08293390739091759
0.17820780490859006 0.07819537169399376
0.15333661353699565 0.07309298603890416
0.13065580368697347 0.06772225116989992
0.11034889473244842 0.06217854181006332
0.09247251508040302 0.05654748237796705
0.07686820414119769 0.05089816984925983
0.0633566666666667 0.04529810026400069
0.05175860740864416 0.039814769662248624
0.041894731118964364 0.03451567408406269
0.03358574254946155 0.029468309569501947
0.026652346451969955 0.024740172158625423
0.020915247578323814 0.020398757891492165
0.0161951506803573 0.016511562808161174
0.012313915123070316 0.013144681514354847
0.009138285858276675 0.010309727855957603
0.006593315802654644 0.007947543244852162
0.004607954692316488 0.005994239252034988
0.003111152263374489 0.0043859274485025515
0.002031858251940898 0.0030587194052512988
0.0012990223941279958 0.001948726693277704
0.0008415944260480529 0.0009920608835782322
0.0005885240838133396 0.00012483354714934642
0.00046876110353612633 -0.0007168437450124888
0.0004137119382788191 -0.001595283677468352
0.00041128753095695227 -0.002536556812602802
0.000505903314339189 -0.0035304915906239067
0.0007444314381443248 -0.004565340707297234
0.0011737440520911573 -0.0056293568583883884
0.0018407133058984935 -0.006710792739662976
0.002792211349285115 -0.007797901046886562
0.004075110331969844 -0.008878934475824767
0.005736282403671445 -0.009942145722243159
0.007822599714108733 -0.010975787481907341
0.010382992088005869 -0.011967420068453131
0.01349717826498154 -0.012894243707352062
0.017268578352308602 -0.01372548340769186
0.021801222138742797 -0.014430159028299524
0.02719913941304007 -0.014977290428002093
0.03356635996395614 -0.015335897465626577
0.0410069135802469 -0.015475000000000001
0.049624830050668256 -0.015363617889949383
0.05952413916397589 -0.014970770994301755
0.07080887070892586 -0.014265479171884126
0.08357210542317368 -0.013221080275255358
0.09779389025444726 -0.011855489462526505
0.11338758827948915 -0.010212920110192834
0.13026570069638324 -0.008337925495130885
0.14834072870321424 -0.006275058894217134
0.16752517349806606 -0.004068873584328133
0.18773153627902317 -0.001763922842340364
0.20887231824417007 0.000595240054869686
0.23086002059159078 0.002964061830425458
0.2536071445193699 0.005297989207450492
0.27705445995512723 0.007553317142447837
0.30135166040571015 0.009692609566741806
0.32674207954455275 0.011681240184726561
0.35346949274398903 0.013484595954442897
0.38177767537635315 0.015068063833931606
0.41191040281397784 0.01639703078123341
0.44411145042919764 0.017436883754389114
0.4786245935943456 0.018153009711439464
0.5156936076817555 0.018510795610425238
0.5555622680637617 0.01847562840938721
0.5983527422990231 0.01802123716503882
0.6435294481391819 0.01716647150345752
0.6903354404157892 0.01594536618781084
0.7380136071458387 0.014391967424474305
0.7858068363463221 0.012540321419823513
0.8329580160342326 0.010424474380234007
0.8787100342265632 0.008078472512081322
0.922305778940306 0.00553636202174107
0.9629881381924541 0.0028321891155887566
1.0 0.0
>>>>>>> Stashed changes
