NACA 6416
 1.0000000     0.0016800
 0.9928006     0.0044521
 0.9798895     0.0093508
 0.9635184     0.0154291
 0.9445469     0.0222892
 0.9234998     0.0296722
 0.9007495     0.0373867
 0.8765830     0.0452829
 0.8512328     0.0532391
 0.8248944     0.0611541
 0.7977362     0.0689431
 0.7699063     0.0765339
 0.7415373     0.0838644
 0.7127487     0.0908814
 0.6836500     0.0975384
 0.6543419     0.1037951
 0.6249182     0.1096163
 0.5954661     0.1149714
 0.5660677     0.1198339
 0.5368005     0.1241808
 0.5077378     0.1279926
 0.4789491     0.1312535
 0.4505011     0.1339505
 0.4224571     0.1360741
 0.3948782     0.1376126
 0.3678229     0.1383639
 0.3413476     0.1382425
 0.3155065     0.1372734
 0.2903524     0.1354871
 0.2659361     0.1329192
 0.2423068     0.1296098
 0.2195125     0.1256040
 0.1975998     0.1209508
 0.1766138     0.1157033
 0.1565988     0.1099178
 0.1375977     0.1036535
 0.1196525     0.0969721
 0.1028043     0.0899369
 0.0870931     0.0826123
 0.0725582     0.0750630
 0.0592379     0.0673531
 0.0471700     0.0595457
 0.0363913     0.0517014
 0.0269381     0.0438780
 0.0188458     0.0361293
 0.0121494     0.0285042
 0.0068832     0.0210460
 0.0030809     0.0137912
 0.0007756     0.0067689
 0.0000000     0.0000000
 0.0007756    -0.0063040
 0.0030809    -0.0119498
 0.0068832    -0.0169516
 0.0121494    -0.0213253
 0.0188458    -0.0250882
 0.0269381    -0.0282594
 0.0363913    -0.0308598
 0.0471700    -0.0329124
 0.0592379    -0.0344422
 0.0725582    -0.0354766
 0.0870931    -0.0360454
 0.1028043    -0.0361809
 0.1196525    -0.0359181
 0.1375977    -0.0352947
 0.1565988    -0.0343509
 0.1766138    -0.0331293
 0.1975998    -0.0316752
 0.2195125    -0.0300358
 0.2423068    -0.0282602
 0.2659361    -0.0263990
 0.2903524    -0.0245041
 0.3155065    -0.0226278
 0.3413476    -0.0208225
 0.3678229    -0.0191404
 0.3948782    -0.0176323
 0.4224571    -0.0162422
 0.4505011    -0.0148006
 0.4789491    -0.0133311
 0.5077378    -0.0118618
 0.5368005    -0.0104189
 0.5660677    -0.0090267
 0.5954661    -0.0077071
 0.6249182    -0.0064790
 0.6543419    -0.0053583
 0.6836500    -0.0043575
 0.7127487    -0.0034853
 0.7415373    -0.0027470
 0.7699063    -0.0021441
 0.7977362    -0.0016745
 0.8248944    -0.0013325
 0.8512328    -0.0011094
 0.8765830    -0.0009934
 0.9007495    -0.0009701
 0.9234998    -0.0010228
 0.9445469    -0.0011330
 0.9635184    -0.0012801
 0.9798895    -0.0014414
 0.9928006    -0.0015896
 1.0000000    -0.0016800
