NACA 2416
 1.0000000     0.0016800
 0.9928006     0.0034980
 0.9798895     0.0067143
 0.9635184     0.0107128
 0.9445469     0.0152372
 0.9234998     0.0201224
 0.9007495     0.0252478
 0.8765830     0.0305198
 0.8512328     0.0358625
 0.8248944     0.0412136
 0.7977362     0.0465202
 0.7699063     0.0517373
 0.7415373     0.0568253
 0.7127487     0.0617493
 0.6836500     0.0664781
 0.6543419     0.0709828
 0.6249182     0.0752372
 0.5954661     0.0792167
 0.5660677     0.0828982
 0.5368005     0.0862601
 0.5077378     0.0892824
 0.4789491     0.0919460
 0.4505011     0.0942338
 0.4224571     0.0961301
 0.3948782     0.0976192
 0.3678229     0.0986227
 0.3413476     0.0991025
 0.3155065     0.0990582
 0.2903524     0.0984928
 0.2659361     0.0974124
 0.2423068     0.0958266
 0.2195125     0.0937479
 0.1975998     0.0911923
 0.1766138     0.0881787
 0.1565988     0.0847288
 0.1375977     0.0808672
 0.1196525     0.0766208
 0.1028043     0.0720182
 0.0870931     0.0670900
 0.0725582     0.0618675
 0.0592379     0.0563828
 0.0471700     0.0506679
 0.0363913     0.0447542
 0.0269381     0.0386718
 0.0188458     0.0324489
 0.0121494     0.0261112
 0.0068832     0.0196812
 0.0030809     0.0131774
 0.0007756     0.0066139
 0.0000000     0.0000000
 0.0007756    -0.0064590
 0.0030809    -0.0125636
 0.0068832    -0.0183164
 0.0121494    -0.0237182
 0.0188458    -0.0287685
 0.0269381    -0.0334656
 0.0363913    -0.0378070
 0.0471700    -0.0417902
 0.0592379    -0.0454125
 0.0725582    -0.0486721
 0.0870931    -0.0515677
 0.1028043    -0.0540996
 0.1196525    -0.0562695
 0.1375977    -0.0580810
 0.1565988    -0.0595398
 0.1766138    -0.0606540
 0.1975998    -0.0614338
 0.2195125    -0.0618919
 0.2423068    -0.0620434
 0.2659361    -0.0619057
 0.2903524    -0.0614984
 0.3155065    -0.0608430
 0.3413476    -0.0599625
 0.3678229    -0.0588816
 0.3948782    -0.0576257
 0.4224571    -0.0561862
 0.4505011    -0.0545172
 0.4789491    -0.0526386
 0.5077378    -0.0505721
 0.5368005    -0.0483395
 0.5660677    -0.0459624
 0.5954661    -0.0434619
 0.6249182    -0.0408581
 0.6543419    -0.0381706
 0.6836500    -0.0354178
 0.7127487    -0.0326173
 0.7415373    -0.0297861
 0.7699063    -0.0269407
 0.7977362    -0.0240973
 0.8248944    -0.0212730
 0.8512328    -0.0184860
 0.8765830    -0.0157566
 0.9007495    -0.0131090
 0.9234998    -0.0105726
 0.9445469    -0.0081851
 0.9635184    -0.0059965
 0.9798895    -0.0040778
 0.9928006    -0.0025438
 1.0000000    -0.0016800
