NACA 1512
 1.0000000     0.0012600
 0.9928006     0.0025516
 0.9798895     0.0048353
 0.9635184     0.0076720
 0.9445469     0.0108785
 0.9234998     0.0143365
 0.9007495     0.0179598
 0.8765830     0.0216810
 0.8512328     0.0254461
 0.8248944     0.0292102
 0.7977362     0.0329357
 0.7699063     0.0365903
 0.7415373     0.0401457
 0.7127487     0.0435770
 0.6836500     0.0468618
 0.6543419     0.0499797
 0.6249182     0.0529116
 0.5954661     0.0556399
 0.5660677     0.0581481
 0.5368005     0.0604207
 0.5077378     0.0624430
 0.4789491     0.0642015
 0.4505011     0.0656836
 0.4224571     0.0668781
 0.3948782     0.0677748
 0.3678229     0.0683653
 0.3413476     0.0686426
 0.3155065     0.0686014
 0.2903524     0.0682386
 0.2659361     0.0675529
 0.2423068     0.0665450
 0.2195125     0.0652180
 0.1975998     0.0635769
 0.1766138     0.0616291
 0.1565988     0.0593838
 0.1375977     0.0568522
 0.1196525     0.0540473
 0.1028043     0.0509836
 0.0870931     0.0476769
 0.0725582     0.0441441
 0.0592379     0.0404024
 0.0471700     0.0364696
 0.0363913     0.0323631
 0.0269381     0.0281000
 0.0188458     0.0236962
 0.0121494     0.0191661
 0.0068832     0.0145225
 0.0030809     0.0097757
 0.0007756     0.0049333
 0.0000000     0.0000000
 0.0007756    -0.0048713
 0.0030809    -0.0095300
 0.0068832    -0.0139757
 0.0121494    -0.0182060
 0.0188458    -0.0222169
 0.0269381    -0.0260030
 0.0363913    -0.0295578
 0.0471700    -0.0328740
 0.0592379    -0.0359441
 0.0725582    -0.0387606
 0.0870931    -0.0413163
 0.1028043    -0.0436048
 0.1196525    -0.0456204
 0.1375977    -0.0473590
 0.1565988    -0.0488177
 0.1766138    -0.0499954
 0.1975998    -0.0508926
 0.2195125    -0.0515118
 0.2423068    -0.0518575
 0.2659361    -0.0519357
 0.2903524    -0.0517548
 0.3155065    -0.0513244
 0.3413476    -0.0506562
 0.3678229    -0.0497630
 0.3948782    -0.0486589
 0.4224571    -0.0473591
 0.4505011    -0.0458797
 0.4789491    -0.0442370
 0.5077378    -0.0424478
 0.5368005    -0.0405290
 0.5660677    -0.0384973
 0.5954661    -0.0363690
 0.6249182    -0.0341599
 0.6543419    -0.0318854
 0.6836500    -0.0295600
 0.7127487    -0.0271980
 0.7415373    -0.0248129
 0.7699063    -0.0224182
 0.7977362    -0.0200275
 0.8248944    -0.0176547
 0.8512328    -0.0153153
 0.8765830    -0.0130262
 0.9007495    -0.0108078
 0.9234998    -0.0086847
 0.9445469    -0.0066882
 0.9635184    -0.0048599
 0.9798895    -0.0032588
 0.9928006    -0.0019798
 1.0000000    -0.0012600
