NACA 4522
 1.0000000     0.0023100
 0.9928006     0.0052973
 0.9798895     0.0105726
 0.9635184     0.0171117
 0.9445469     0.0244833
 0.9234998     0.0324065
 0.9007495     0.0406743
 0.8765830     0.0491246
 0.8512328     0.0576262
 0.8248944     0.0660705
 0.7977362     0.0743661
 0.7699063     0.0824352
 0.7415373     0.0902109
 0.7127487     0.0976352
 0.6836500     0.1046570
 0.6543419     0.1112315
 0.6249182     0.1173188
 0.5954661     0.1228833
 0.5660677     0.1278933
 0.5368005     0.1323206
 0.5077378     0.1361403
 0.4789491     0.1393310
 0.4505011     0.1418743
 0.4224571     0.1437554
 0.3948782     0.1449628
 0.3678229     0.1454889
 0.3413476     0.1453299
 0.3155065     0.1444860
 0.2903524     0.1429616
 0.2659361     0.1407655
 0.2423068     0.1379107
 0.2195125     0.1344146
 0.1975998     0.1302991
 0.1766138     0.1255899
 0.1565988     0.1203168
 0.1375977     0.1145132
 0.1196525     0.1082158
 0.1028043     0.1014637
 0.0870931     0.0942984
 0.0725582     0.0867629
 0.0592379     0.0789009
 0.0471700     0.0707561
 0.0363913     0.0623715
 0.0269381     0.0537884
 0.0188458     0.0450455
 0.0121494     0.0361780
 0.0068832     0.0272171
 0.0030809     0.0181883
 0.0007756     0.0091116
 0.0000000     0.0000000
 0.0007756    -0.0088636
 0.0030809    -0.0172055
 0.0068832    -0.0250296
 0.0121494    -0.0323375
 0.0188458    -0.0391285
 0.0269381    -0.0454004
 0.0363913    -0.0511501
 0.0471700    -0.0563737
 0.0592379    -0.0610677
 0.0725582    -0.0652290
 0.0870931    -0.0688559
 0.1028043    -0.0719483
 0.1196525    -0.0745083
 0.1375977    -0.0765406
 0.1565988    -0.0780526
 0.1766138    -0.0790550
 0.1975998    -0.0795618
 0.2195125    -0.0795901
 0.2423068    -0.0791605
 0.2659361    -0.0782970
 0.2903524    -0.0770263
 0.3155065    -0.0753781
 0.3413476    -0.0733845
 0.3678229    -0.0710796
 0.3948782    -0.0684990
 0.4224571    -0.0656795
 0.4505011    -0.0626584
 0.4789491    -0.0594728
 0.5077378    -0.0561595
 0.5368005    -0.0527539
 0.5660677    -0.0492901
 0.5954661    -0.0457997
 0.6249182    -0.0423123
 0.6543419    -0.0388544
 0.6836500    -0.0354497
 0.7127487    -0.0321190
 0.7415373    -0.0288798
 0.7699063    -0.0257470
 0.7977362    -0.0227331
 0.8248944    -0.0198486
 0.8512328    -0.0171029
 0.8765830    -0.0145053
 0.9007495    -0.0120663
 0.9234998    -0.0097991
 0.9445469    -0.0077223
 0.9635184    -0.0058635
 0.9798895    -0.0042666
 0.9928006    -0.0030101
 1.0000000    -0.0023100
