NACA 6322
 1.0000000     0.0023100
 0.9928006     0.0053816
 0.9798895     0.0108176
 0.9635184     0.0175786
 0.9445469     0.0252325
 0.9234998     0.0335005
 0.9007495     0.0421785
 0.8765830     0.0511071
 0.8512328     0.0601575
 0.8248944     0.0692231
 0.7977362     0.0782139
 0.7699063     0.0870529
 0.7415373     0.0956733
 0.7127487     0.1040165
 0.6836500     0.1120304
 0.6543419     0.1196685
 0.6249182     0.1268884
 0.5954661     0.1336517
 0.5660677     0.1399232
 0.5368005     0.1456710
 0.5077378     0.1508656
 0.4789491     0.1554808
 0.4505011     0.1594928
 0.4224571     0.1628812
 0.3948782     0.1656286
 0.3678229     0.1677210
 0.3413476     0.1691478
 0.3155065     0.1699026
 0.2903524     0.1699319
 0.2659361     0.1687577
 0.2423068     0.1663166
 0.2195125     0.1626835
 0.1975998     0.1579399
 0.1766138     0.1521730
 0.1565988     0.1454754
 0.1375977     0.1379439
 0.1196525     0.1296786
 0.1028043     0.1207819
 0.0870931     0.1113576
 0.0725582     0.1015094
 0.0592379     0.0913400
 0.0471700     0.0809496
 0.0363913     0.0704345
 0.0269381     0.0598859
 0.0188458     0.0493885
 0.0121494     0.0390191
 0.0068832     0.0288450
 0.0030809     0.0189229
 0.0007756     0.0092975
 0.0000000     0.0000000
 0.0007756    -0.0086778
 0.0030809    -0.0164709
 0.0068832    -0.0234016
 0.0121494    -0.0294964
 0.0188458    -0.0347854
 0.0269381    -0.0393030
 0.0363913    -0.0430872
 0.0471700    -0.0461803
 0.0592379    -0.0486285
 0.0725582    -0.0504825
 0.0870931    -0.0517967
 0.1028043    -0.0526301
 0.1196525    -0.0530455
 0.1375977    -0.0531099
 0.1565988    -0.0528940
 0.1766138    -0.0524719
 0.1975998    -0.0519210
 0.2195125    -0.0513212
 0.2423068    -0.0507546
 0.2659361    -0.0503048
 0.2903524    -0.0500560
 0.3155065    -0.0499615
 0.3413476    -0.0495665
 0.3678229    -0.0488475
 0.3948782    -0.0478332
 0.4224571    -0.0465537
 0.4505011    -0.0450399
 0.4789491    -0.0433231
 0.5077378    -0.0414342
 0.5368005    -0.0394035
 0.5660677    -0.0372601
 0.5954661    -0.0350313
 0.6249182    -0.0327427
 0.6543419    -0.0304174
 0.6836500    -0.0280763
 0.7127487    -0.0257377
 0.7415373    -0.0234174
 0.7699063    -0.0211293
 0.7977362    -0.0188852
 0.8248944    -0.0166960
 0.8512328    -0.0145716
 0.8765830    -0.0125229
 0.9007495    -0.0105621
 0.9234998    -0.0087051
 0.9445469    -0.0069731
 0.9635184    -0.0053966
 0.9798895    -0.0040216
 0.9928006    -0.0029259
 1.0000000    -0.0023100
