NACA 3916
 1.0000000     0.0016800
 0.9928006     0.0071850
 0.9798895     0.0162491
 0.9635184     0.0262509
 0.9445469     0.0357578
 0.9234998     0.0436908
 0.9007495     0.0491767
 0.8765830     0.0531179
 0.8512328     0.0570862
 0.8248944     0.0610344
 0.7977362     0.0649215
 0.7699063     0.0687121
 0.7415373     0.0723757
 0.7127487     0.0758847
 0.6836500     0.0792143
 0.6543419     0.0823416
 0.6249182     0.0852451
 0.5954661     0.0879044
 0.5660677     0.0903003
 0.5368005     0.0924141
 0.5077378     0.0942283
 0.4789491     0.0957262
 0.4505011     0.0968922
 0.4224571     0.0977120
 0.3948782     0.0981725
 0.3678229     0.0982628
 0.3413476     0.0979735
 0.3155065     0.0972975
 0.2903524     0.0962300
 0.2659361     0.0947688
 0.2423068     0.0929142
 0.2195125     0.0906694
 0.1975998     0.0880402
 0.1766138     0.0850353
 0.1565988     0.0816660
 0.1375977     0.0779461
 0.1196525     0.0738917
 0.1028043     0.0695211
 0.0870931     0.0648541
 0.0725582     0.0599120
 0.0592379     0.0547169
 0.0471700     0.0492913
 0.0363913     0.0436576
 0.0269381     0.0378377
 0.0188458     0.0318519
 0.0121494     0.0257192
 0.0068832     0.0194559
 0.0030809     0.0130755
 0.0007756     0.0065881
 0.0000000     0.0000000
 0.0007756    -0.0064848
 0.0030809    -0.0126654
 0.0068832    -0.0185417
 0.0121494    -0.0241102
 0.0188458    -0.0293655
 0.0269381    -0.0342997
 0.0363913    -0.0389036
 0.0471700    -0.0431668
 0.0592379    -0.0470784
 0.0725582    -0.0506276
 0.0870931    -0.0538036
 0.1028043    -0.0565967
 0.1196525    -0.0589985
 0.1375977    -0.0610022
 0.1565988    -0.0626027
 0.1766138    -0.0637973
 0.1975998    -0.0645859
 0.2195125    -0.0649704
 0.2423068    -0.0649557
 0.2659361    -0.0645493
 0.2903524    -0.0637612
 0.3155065    -0.0626036
 0.3413476    -0.0610915
 0.3678229    -0.0592415
 0.3948782    -0.0570724
 0.4224571    -0.0546043
 0.4505011    -0.0518588
 0.4789491    -0.0488584
 0.5077378    -0.0456261
 0.5368005    -0.0421855
 0.5660677    -0.0385603
 0.5954661    -0.0347741
 0.6249182    -0.0308503
 0.6543419    -0.0268118
 0.6836500    -0.0226815
 0.7127487    -0.0184820
 0.7415373    -0.0142357
 0.7699063    -0.0099658
 0.7977362    -0.0056961
 0.8248944    -0.0014522
 0.8512328     0.0027377
 0.8765830     0.0068415
 0.9007495     0.0108199
 0.9234998     0.0129958
 0.9445469     0.0123356
 0.9635184     0.0095416
 0.9798895     0.0054569
 0.9928006     0.0011432
 1.0000000    -0.0016800
