NACA 1816
 1.0000000     0.0016800
 0.9928006     0.0037279
 0.9798895     0.0073060
 0.9635184     0.0116701
 0.9445469     0.0164877
 0.9234998     0.0215344
 0.9007495     0.0266408
 0.8765830     0.0316719
 0.8512328     0.0365180
 0.8248944     0.0410884
 0.7977362     0.0453087
 0.7699063     0.0493248
 0.7415373     0.0532523
 0.7127487     0.0570644
 0.6836500     0.0607364
 0.6543419     0.0642452
 0.6249182     0.0675687
 0.5954661     0.0706856
 0.5660677     0.0735752
 0.5368005     0.0762174
 0.5077378     0.0785926
 0.4789491     0.0806818
 0.4505011     0.0824669
 0.4224571     0.0839310
 0.3948782     0.0850580
 0.3678229     0.0858338
 0.3413476     0.0862456
 0.3155065     0.0862829
 0.2903524     0.0859372
 0.2659361     0.0852025
 0.2423068     0.0840753
 0.2195125     0.0825548
 0.1975998     0.0806429
 0.1766138     0.0783443
 0.1565988     0.0756661
 0.1375977     0.0726182
 0.1196525     0.0692127
 0.1028043     0.0654639
 0.0870931     0.0613876
 0.0725582     0.0570015
 0.0592379     0.0523238
 0.0471700     0.0473735
 0.0363913     0.0421697
 0.0269381     0.0367308
 0.0188458     0.0310743
 0.0121494     0.0252162
 0.0068832     0.0191701
 0.0030809     0.0129473
 0.0007756     0.0065558
 0.0000000     0.0000000
 0.0007756    -0.0065171
 0.0030809    -0.0127936
 0.0068832    -0.0188274
 0.0121494    -0.0246133
 0.0188458    -0.0301431
 0.0269381    -0.0354066
 0.0363913    -0.0403915
 0.0471700    -0.0450846
 0.0592379    -0.0494715
 0.0725582    -0.0535381
 0.0870931    -0.0572700
 0.1028043    -0.0606539
 0.1196525    -0.0636775
 0.1375977    -0.0663300
 0.1565988    -0.0686025
 0.1766138    -0.0704884
 0.1975998    -0.0719831
 0.2195125    -0.0730850
 0.2423068    -0.0737947
 0.2659361    -0.0741157
 0.2903524    -0.0740540
 0.3155065    -0.0736183
 0.3413476    -0.0728194
 0.3678229    -0.0716706
 0.3948782    -0.0701869
 0.4224571    -0.0683853
 0.4505011    -0.0662841
 0.4789491    -0.0639028
 0.5077378    -0.0612619
 0.5368005    -0.0583822
 0.5660677    -0.0552854
 0.5954661    -0.0519929
 0.6249182    -0.0485266
 0.6543419    -0.0449082
 0.6836500    -0.0411594
 0.7127487    -0.0373023
 0.7415373    -0.0333591
 0.7699063    -0.0293531
 0.7977362    -0.0253089
 0.8248944    -0.0213982
 0.8512328    -0.0178304
 0.8765830    -0.0146044
 0.9007495    -0.0117160
 0.9234998    -0.0091605
 0.9445469    -0.0069346
 0.9635184    -0.0050392
 0.9798895    -0.0034861
 0.9928006    -0.0023139
 1.0000000    -0.0016800
