NACA 5223
 1.0000000     0.0024150
 0.9928006     0.0052384
 0.9798895     0.0102391
 0.9635184     0.0164660
 0.9445469     0.0235261
 0.9234998     0.0311673
 0.9007495     0.0392057
 0.8765830     0.0474983
 0.8512328     0.0559298
 0.8248944     0.0644050
 0.7977362     0.0728432
 0.7699063     0.0811753
 0.7415373     0.0893408
 0.7127487     0.0972861
 0.6836500     0.1049628
 0.6543419     0.1123269
 0.6249182     0.1193376
 0.5954661     0.1259570
 0.5660677     0.1321494
 0.5368005     0.1378814
 0.5077378     0.1431217
 0.4789491     0.1478411
 0.4505011     0.1520124
 0.4224571     0.1556111
 0.3948782     0.1586153
 0.3678229     0.1610059
 0.3413476     0.1627671
 0.3155065     0.1638866
 0.2903524     0.1643559
 0.2659361     0.1641703
 0.2423068     0.1633292
 0.2195125     0.1618364
 0.1975998     0.1596928
 0.1766138     0.1562898
 0.1565988     0.1513385
 0.1375977     0.1450015
 0.1196525     0.1374452
 0.1028043     0.1288384
 0.0870931     0.1193502
 0.0725582     0.1091485
 0.0592379     0.0983979
 0.0471700     0.0872580
 0.0363913     0.0758811
 0.0269381     0.0644107
 0.0188458     0.0529790
 0.0121494     0.0417051
 0.0068832     0.0306931
 0.0030809     0.0200299
 0.0007756     0.0097832
 0.0000000     0.0000000
 0.0007756    -0.0090091
 0.0030809    -0.0169727
 0.0068832    -0.0239284
 0.0121494    -0.0299247
 0.0188458    -0.0350211
 0.0269381    -0.0392868
 0.0363913    -0.0428006
 0.0471700    -0.0456505
 0.0592379    -0.0479328
 0.0725582    -0.0497521
 0.0870931    -0.0512202
 0.1028043    -0.0524559
 0.1196525    -0.0535845
 0.1375977    -0.0547366
 0.1565988    -0.0560477
 0.1766138    -0.0576571
 0.1975998    -0.0597072
 0.2195125    -0.0618958
 0.2423068    -0.0636089
 0.2659361    -0.0648496
 0.2903524    -0.0656315
 0.3155065    -0.0659713
 0.3413476    -0.0658888
 0.3678229    -0.0654066
 0.3948782    -0.0645493
 0.4224571    -0.0633435
 0.4505011    -0.0618172
 0.4789491    -0.0599993
 0.5077378    -0.0579190
 0.5368005    -0.0556056
 0.5660677    -0.0530877
 0.5954661    -0.0503934
 0.6249182    -0.0475494
 0.6543419    -0.0445811
 0.6836500    -0.0415124
 0.7127487    -0.0383660
 0.7415373    -0.0351631
 0.7699063    -0.0319242
 0.7977362    -0.0286695
 0.8248944    -0.0254195
 0.8512328    -0.0221961
 0.8765830    -0.0190240
 0.9007495    -0.0159322
 0.9234998    -0.0129567
 0.9445469    -0.0101434
 0.9635184    -0.0075536
 0.9798895    -0.0052746
 0.9928006    -0.0034467
 1.0000000    -0.0024150
