NACA 6318
 1.0000000     0.0018900
 0.9928006     0.0046263
 0.9798895     0.0094686
 0.9635184     0.0154900
 0.9445469     0.0223047
 0.9234998     0.0296637
 0.9007495     0.0373839
 0.8765830     0.0453225
 0.8512328     0.0533640
 0.8248944     0.0614123
 0.7977362     0.0693867
 0.7699063     0.0772181
 0.7415373     0.0848469
 0.7127487     0.0922207
 0.6836500     0.0992935
 0.6543419     0.1060243
 0.6249182     0.1123765
 0.5954661     0.1183169
 0.5660677     0.1238157
 0.5368005     0.1288460
 0.5077378     0.1333838
 0.4789491     0.1374077
 0.4505011     0.1408989
 0.4224571     0.1438417
 0.3948782     0.1462230
 0.3678229     0.1480329
 0.3413476     0.1492647
 0.3155065     0.1499150
 0.2903524     0.1499330
 0.2659361     0.1488429
 0.2423068     0.1465829
 0.2195125     0.1432286
 0.1975998     0.1388616
 0.1766138     0.1335689
 0.1565988     0.1274418
 0.1375977     0.1205754
 0.1196525     0.1130673
 0.1028043     0.1050172
 0.0870931     0.0965254
 0.0725582     0.0876920
 0.0592379     0.0786156
 0.0471700     0.0693923
 0.0363913     0.0601143
 0.0269381     0.0508687
 0.0188458     0.0417363
 0.0121494     0.0327904
 0.0068832     0.0240953
 0.0030809     0.0157053
 0.0007756     0.0076633
 0.0000000     0.0000000
 0.0007756    -0.0070437
 0.0030809    -0.0132533
 0.0068832    -0.0186519
 0.0121494    -0.0232677
 0.0188458    -0.0271333
 0.0269381    -0.0302858
 0.0363913    -0.0327670
 0.0471700    -0.0346230
 0.0592379    -0.0359041
 0.0725582    -0.0366650
 0.0870931    -0.0369645
 0.1028043    -0.0368654
 0.1196525    -0.0364342
 0.1375977    -0.0357414
 0.1565988    -0.0348604
 0.1766138    -0.0338678
 0.1975998    -0.0328427
 0.2195125    -0.0318662
 0.2423068    -0.0310209
 0.2659361    -0.0303900
 0.2903524    -0.0300571
 0.3155065    -0.0299738
 0.3413476    -0.0296834
 0.3678229    -0.0291594
 0.3948782    -0.0284275
 0.4224571    -0.0275141
 0.4505011    -0.0264460
 0.4789491    -0.0252500
 0.5077378    -0.0239524
 0.5368005    -0.0225786
 0.5660677    -0.0211525
 0.5954661    -0.0196965
 0.6249182    -0.0182308
 0.6543419    -0.0167733
 0.6836500    -0.0153393
 0.7127487    -0.0139418
 0.7415373    -0.0125910
 0.7699063    -0.0112945
 0.7977362    -0.0100580
 0.8248944    -0.0088851
 0.8512328    -0.0077781
 0.8765830    -0.0067384
 0.9007495    -0.0057675
 0.9234998    -0.0048682
 0.9445469    -0.0040453
 0.9635184    -0.0033079
 0.9798895    -0.0026726
 0.9928006    -0.0021707
 1.0000000    -0.0018900
