NACA 3523
 1.0000000     0.0024150
 0.9928006     0.0052002
 0.9798895     0.0101216
 0.9635184     0.0162279
 0.9445469     0.0231201
 0.9234998     0.0305398
 0.9007495     0.0382969
 0.8765830     0.0462433
 0.8512328     0.0542592
 0.8248944     0.0622455
 0.7977362     0.0701188
 0.7699063     0.0778078
 0.7415373     0.0852511
 0.7127487     0.0923946
 0.6836500     0.0991903
 0.6543419     0.1055954
 0.6249182     0.1115710
 0.5954661     0.1170815
 0.5660677     0.1220948
 0.5368005     0.1265810
 0.5077378     0.1305132
 0.4789491     0.1338670
 0.4505011     0.1366208
 0.4224571     0.1387558
 0.3948782     0.1402562
 0.3678229     0.1411097
 0.3413476     0.1413075
 0.3155065     0.1408444
 0.2903524     0.1397194
 0.2659361     0.1379356
 0.2423068     0.1355004
 0.2195125     0.1324253
 0.1975998     0.1287265
 0.1766138     0.1244240
 0.1565988     0.1195422
 0.1375977     0.1141088
 0.1196525     0.1081551
 0.1028043     0.1017154
 0.0870931     0.0948261
 0.0725582     0.0875255
 0.0592379     0.0798528
 0.0471700     0.0718476
 0.0363913     0.0635489
 0.0269381     0.0549942
 0.0188458     0.0462189
 0.0121494     0.0372551
 0.0068832     0.0281310
 0.0030809     0.0188699
 0.0007756     0.0094891
 0.0000000     0.0000000
 0.0007756    -0.0093032
 0.0030809    -0.0181327
 0.0068832    -0.0264904
 0.0121494    -0.0343747
 0.0188458    -0.0417811
 0.0269381    -0.0487032
 0.0363913    -0.0551328
 0.0471700    -0.0610608
 0.0592379    -0.0664779
 0.0725582    -0.0713751
 0.0870931    -0.0757443
 0.1028043    -0.0795789
 0.1196525    -0.0828746
 0.1375977    -0.0856293
 0.1565988    -0.0878440
 0.1766138    -0.0895229
 0.1975998    -0.0906735
 0.2195125    -0.0913069
 0.2423068    -0.0914377
 0.2659361    -0.0910842
 0.2903524    -0.0902679
 0.3155065    -0.0890135
 0.3413476    -0.0873484
 0.3678229    -0.0853027
 0.3948782    -0.0829084
 0.4224571    -0.0801989
 0.4505011    -0.0772088
 0.4789491    -0.0739734
 0.5077378    -0.0705276
 0.5368005    -0.0669060
 0.5660677    -0.0631424
 0.5954661    -0.0592688
 0.6249182    -0.0553161
 0.6543419    -0.0513126
 0.6836500    -0.0472849
 0.7127487    -0.0432575
 0.7415373    -0.0392528
 0.7699063    -0.0352917
 0.7977362    -0.0313940
 0.8248944    -0.0275790
 0.8512328    -0.0238667
 0.8765830    -0.0202789
 0.9007495    -0.0168410
 0.9234998    -0.0135843
 0.9445469    -0.0105494
 0.9635184    -0.0077917
 0.9798895    -0.0053921
 0.9928006    -0.0034848
 1.0000000    -0.0024150
