NACA 4524
 1.0000000     0.0025200
 0.9928006     0.0056749
 0.9798895     0.0112471
 0.9635184     0.0181561
 0.9445469     0.0259472
 0.9234998     0.0343249
 0.9007495     0.0430716
 0.8765830     0.0520169
 0.8512328     0.0610230
 0.8248944     0.0699759
 0.7977362     0.0787797
 0.7699063     0.0873526
 0.7415373     0.0956241
 0.7127487     0.1035331
 0.6836500     0.1110255
 0.6543419     0.1180536
 0.6249182     0.1245748
 0.5954661     0.1305507
 0.5660677     0.1359471
 0.5368005     0.1407330
 0.5077378     0.1448812
 0.4789491     0.1483676
 0.4505011     0.1511713
 0.4224571     0.1532752
 0.3948782     0.1546656
 0.3678229     0.1553329
 0.3413476     0.1552715
 0.3155065     0.1544798
 0.2903524     0.1529611
 0.2659361     0.1507229
 0.2423068     0.1477776
 0.2195125     0.1441421
 0.1975998     0.1398382
 0.1766138     0.1348919
 0.1565988     0.1293336
 0.1375977     0.1231975
 0.1196525     0.1165214
 0.1028043     0.1093460
 0.0870931     0.1017145
 0.0725582     0.0936716
 0.0592379     0.0852631
 0.0471700     0.0765348
 0.0363913     0.0675316
 0.0269381     0.0582970
 0.0188458     0.0488716
 0.0121494     0.0392924
 0.0068832     0.0295919
 0.0030809     0.0197971
 0.0007756     0.0099287
 0.0000000     0.0000000
 0.0007756    -0.0096807
 0.0030809    -0.0188143
 0.0068832    -0.0274044
 0.0121494    -0.0354518
 0.0188458    -0.0429546
 0.0269381    -0.0499090
 0.0363913    -0.0563102
 0.0471700    -0.0621524
 0.0592379    -0.0674299
 0.0725582    -0.0721377
 0.0870931    -0.0762720
 0.1028043    -0.0798307
 0.1196525    -0.0828139
 0.1375977    -0.0852248
 0.1565988    -0.0870694
 0.1766138    -0.0883571
 0.1975998    -0.0891009
 0.2195125    -0.0893176
 0.2423068    -0.0890274
 0.2659361    -0.0882544
 0.2903524    -0.0870257
 0.3155065    -0.0853719
 0.3413476    -0.0833260
 0.3678229    -0.0809236
 0.3948782    -0.0782018
 0.4224571    -0.0751993
 0.4505011    -0.0719553
 0.4789491    -0.0685094
 0.5077378    -0.0649004
 0.5368005    -0.0611664
 0.5660677    -0.0573438
 0.5954661    -0.0534671
 0.6249182    -0.0495682
 0.6543419    -0.0456765
 0.6836500    -0.0418182
 0.7127487    -0.0380169
 0.7415373    -0.0342930
 0.7699063    -0.0306644
 0.7977362    -0.0271467
 0.8248944    -0.0237540
 0.8512328    -0.0204997
 0.8765830    -0.0173976
 0.9007495    -0.0144636
 0.9234998    -0.0117176
 0.9445469    -0.0091862
 0.9635184    -0.0069078
 0.9798895    -0.0049411
 0.9928006    -0.0033877
 1.0000000    -0.0025200
