NACA 4723
 1.0000000     0.0024150
 0.9928006     0.0062393
 0.9798895     0.0129399
 0.9635184     0.0211467
 0.9445469     0.0302556
 0.9234998     0.0398611
 0.9007495     0.0496577
 0.8765830     0.0594026
 0.8512328     0.0688979
 0.8248944     0.0779795
 0.7977362     0.0865109
 0.7699063     0.0943778
 0.7415373     0.1014851
 0.7127487     0.1077538
 0.6836500     0.1132158
 0.6543419     0.1182838
 0.6249182     0.1229833
 0.5954661     0.1272832
 0.5660677     0.1311542
 0.5368005     0.1345693
 0.5077378     0.1375028
 0.4789491     0.1399313
 0.4505011     0.1418332
 0.4224571     0.1431892
 0.3948782     0.1439824
 0.3678229     0.1441988
 0.3413476     0.1438274
 0.3155065     0.1428608
 0.2903524     0.1412948
 0.2659361     0.1391294
 0.2423068     0.1363684
 0.2195125     0.1330197
 0.1975998     0.1290954
 0.1766138     0.1246116
 0.1565988     0.1195882
 0.1375977     0.1140489
 0.1196525     0.1080207
 0.1028043     0.1015335
 0.0870931     0.0946195
 0.0725582     0.0873129
 0.0592379     0.0796490
 0.0471700     0.0716635
 0.0363913     0.0633918
 0.0269381     0.0548681
 0.0188458     0.0461248
 0.0121494     0.0371914
 0.0068832     0.0280935
 0.0030809     0.0188526
 0.0007756     0.0094847
 0.0000000     0.0000000
 0.0007756    -0.0093076
 0.0030809    -0.0181500
 0.0068832    -0.0265280
 0.0121494    -0.0344385
 0.0188458    -0.0418752
 0.0269381    -0.0488293
 0.0363913    -0.0552900
 0.0471700    -0.0612450
 0.0592379    -0.0666818
 0.0725582    -0.0715877
 0.0870931    -0.0759509
 0.1028043    -0.0797609
 0.1196525    -0.0830090
 0.1375977    -0.0856891
 0.1565988    -0.0877980
 0.1766138    -0.0893354
 0.1975998    -0.0903046
 0.2195125    -0.0907125
 0.2423068    -0.0905697
 0.2659361    -0.0898905
 0.2903524    -0.0886925
 0.3155065    -0.0869971
 0.3413476    -0.0848285
 0.3678229    -0.0822137
 0.3948782    -0.0791822
 0.4224571    -0.0757655
 0.4505011    -0.0719964
 0.4789491    -0.0679091
 0.5077378    -0.0635379
 0.5368005    -0.0589177
 0.5660677    -0.0540829
 0.5954661    -0.0490672
 0.6249182    -0.0439037
 0.6543419    -0.0386242
 0.6836500    -0.0332594
 0.7127487    -0.0278983
 0.7415373    -0.0230188
 0.7699063    -0.0187217
 0.7977362    -0.0150019
 0.8248944    -0.0118450
 0.8512328    -0.0092280
 0.8765830    -0.0071196
 0.9007495    -0.0054802
 0.9234998    -0.0042630
 0.9445469    -0.0034139
 0.9635184    -0.0028729
 0.9798895    -0.0025738
 0.9928006    -0.0024457
 1.0000000    -0.0024150
