NACA 4315
 1.0000000     0.0015750
 0.9928006     0.0036506
 0.9798895     0.0073241
 0.9635184     0.0118931
 0.9445469     0.0170657
 0.9234998     0.0226534
 0.9007495     0.0285185
 0.8765830     0.0345534
 0.8512328     0.0406711
 0.8248944     0.0467996
 0.7977362     0.0528782
 0.7699063     0.0588548
 0.7415373     0.0646844
 0.7127487     0.0703273
 0.6836500     0.0757484
 0.6543419     0.0809160
 0.6249182     0.0858016
 0.5954661     0.0903790
 0.5660677     0.0946245
 0.5368005     0.0985161
 0.5077378     0.1020339
 0.4789491     0.1051599
 0.4505011     0.1078780
 0.4224571     0.1101741
 0.3948782     0.1120362
 0.3678229     0.1134547
 0.3413476     0.1144222
 0.3155065     0.1149340
 0.2903524     0.1149545
 0.2659361     0.1141647
 0.2423068     0.1125222
 0.2195125     0.1100769
 0.1975998     0.1068831
 0.1766138     0.1029990
 0.1565988     0.0984864
 0.1375977     0.0934100
 0.1196525     0.0878366
 0.1028043     0.0818350
 0.0870931     0.0754744
 0.0725582     0.0688244
 0.0592379     0.0619537
 0.0471700     0.0549295
 0.0363913     0.0478163
 0.0269381     0.0406754
 0.0188458     0.0335634
 0.0121494     0.0265318
 0.0068832     0.0196258
 0.0030809     0.0128834
 0.0007756     0.0063345
 0.0000000     0.0000000
 0.0007756    -0.0059214
 0.0030809    -0.0112487
 0.0068832    -0.0159969
 0.0121494    -0.0201833
 0.0188458    -0.0238280
 0.0269381    -0.0269534
 0.0363913    -0.0295848
 0.0471700    -0.0317499
 0.0592379    -0.0334794
 0.0725582    -0.0348064
 0.0870931    -0.0357672
 0.1028043    -0.0364004
 0.1196525    -0.0367479
 0.1375977    -0.0368540
 0.1565988    -0.0367654
 0.1766138    -0.0365316
 0.1975998    -0.0362038
 0.2195125    -0.0358354
 0.2423068    -0.0354809
 0.2659361    -0.0351961
 0.2903524    -0.0350372
 0.3155065    -0.0349733
 0.3413476    -0.0347013
 0.3678229    -0.0342057
 0.3948782    -0.0335059
 0.4224571    -0.0326224
 0.4505011    -0.0315761
 0.4789491    -0.0303881
 0.5077378    -0.0290796
 0.5368005    -0.0276711
 0.5660677    -0.0261823
 0.5954661    -0.0246321
 0.6249182    -0.0230378
 0.6543419    -0.0214153
 0.6836500    -0.0197790
 0.7127487    -0.0181414
 0.7415373    -0.0165138
 0.7699063    -0.0149058
 0.7977362    -0.0133258
 0.8248944    -0.0117815
 0.8512328    -0.0102805
 0.8765830    -0.0088306
 0.9007495    -0.0074410
 0.9234998    -0.0061231
 0.9445469    -0.0048927
 0.9635184    -0.0037718
 0.9798895    -0.0027935
 0.9928006    -0.0020135
 1.0000000    -0.0015750
