NACA 3723
 1.0000000     0.0024150
 0.9928006     0.0057651
 0.9798895     0.0116441
 0.9635184     0.0188625
 0.9445469     0.0269004
 0.9234998     0.0354113
 0.9007495     0.0441355
 0.8765830     0.0528673
 0.8512328     0.0614392
 0.8248944     0.0697127
 0.7977362     0.0775723
 0.7699063     0.0849208
 0.7415373     0.0916768
 0.7127487     0.0977719
 0.6836500     0.1032212
 0.6543419     0.1083264
 0.6249182     0.1130984
 0.5954661     0.1175062
 0.5660677     0.1215203
 0.5368005     0.1251128
 0.5077378     0.1282572
 0.4789491     0.1309286
 0.4505011     0.1331036
 0.4224571     0.1347612
 0.3948782     0.1358823
 0.3678229     0.1364506
 0.3413476     0.1364526
 0.3155065     0.1358778
 0.2903524     0.1347195
 0.2659361     0.1329745
 0.2423068     0.1306436
 0.2195125     0.1277313
 0.1975998     0.1242466
 0.1766138     0.1202021
 0.1565988     0.1156144
 0.1375977     0.1105039
 0.1196525     0.1048943
 0.1028043     0.0988119
 0.0870931     0.0922859
 0.0725582     0.0853473
 0.0592379     0.0780281
 0.0471700     0.0703612
 0.0363913     0.0623790
 0.0269381     0.0541133
 0.0188458     0.0455936
 0.0121494     0.0368473
 0.0068832     0.0278978
 0.0030809     0.0187648
 0.0007756     0.0094626
 0.0000000     0.0000000
 0.0007756    -0.0093297
 0.0030809    -0.0182378
 0.0068832    -0.0267237
 0.0121494    -0.0347826
 0.0188458    -0.0424064
 0.0269381    -0.0495842
 0.0363913    -0.0563027
 0.0471700    -0.0625473
 0.0592379    -0.0683027
 0.0725582    -0.0735534
 0.0870931    -0.0782845
 0.1028043    -0.0824824
 0.1196525    -0.0861355
 0.1375977    -0.0892341
 0.1565988    -0.0917718
 0.1766138    -0.0937449
 0.1975998    -0.0951534
 0.2195125    -0.0960009
 0.2423068    -0.0962945
 0.2659361    -0.0960453
 0.2903524    -0.0952678
 0.3155065    -0.0939801
 0.3413476    -0.0922034
 0.3678229    -0.0899619
 0.3948782    -0.0872823
 0.4224571    -0.0841935
 0.4505011    -0.0807260
 0.4789491    -0.0769118
 0.5077378    -0.0727835
 0.5368005    -0.0683742
 0.5660677    -0.0637168
 0.5954661    -0.0588442
 0.6249182    -0.0537886
 0.6543419    -0.0485816
 0.6836500    -0.0432540
 0.7127487    -0.0378802
 0.7415373    -0.0328271
 0.7699063    -0.0281787
 0.7977362    -0.0239405
 0.8248944    -0.0201118
 0.8512328    -0.0166868
 0.8765830    -0.0136550
 0.9007495    -0.0110024
 0.9234998    -0.0087127
 0.9445469    -0.0067691
 0.9635184    -0.0051571
 0.9798895    -0.0038696
 0.9928006    -0.0029199
 1.0000000    -0.0024150
