NACA 3413
 1.0000000     0.0013650
 0.9928006     0.0031701
 0.9798895     0.0063617
 0.9635184     0.0103254
 0.9445469     0.0148043
 0.9234998     0.0196322
 0.9007495     0.0246866
 0.8765830     0.0298721
 0.8512328     0.0351115
 0.8248944     0.0403406
 0.7977362     0.0455055
 0.7699063     0.0505604
 0.7415373     0.0554652
 0.7127487     0.0601855
 0.6836500     0.0646904
 0.6543419     0.0689527
 0.6249182     0.0729480
 0.5954661     0.0766542
 0.5660677     0.0800514
 0.5368005     0.0831216
 0.5077378     0.0858486
 0.4789491     0.0882181
 0.4505011     0.0902176
 0.4224571     0.0918365
 0.3948782     0.0930633
 0.3678229     0.0937920
 0.3413476     0.0939751
 0.3155065     0.0936213
 0.2903524     0.0927422
 0.2659361     0.0913530
 0.2423068     0.0894721
 0.2195125     0.0871207
 0.1975998     0.0843232
 0.1766138     0.0811068
 0.1565988     0.0775009
 0.1375977     0.0735374
 0.1196525     0.0692501
 0.1028043     0.0646744
 0.0870931     0.0598464
 0.0725582     0.0548033
 0.0592379     0.0495821
 0.0471700     0.0442194
 0.0363913     0.0387509
 0.0269381     0.0332104
 0.0188458     0.0276299
 0.0121494     0.0220379
 0.0068832     0.0164601
 0.0030809     0.0109176
 0.0007756     0.0054271
 0.0000000     0.0000000
 0.0007756    -0.0051946
 0.0030809    -0.0099969
 0.0068832    -0.0144129
 0.0121494    -0.0184485
 0.0188458    -0.0221093
 0.0269381    -0.0254011
 0.0363913    -0.0283301
 0.0471700    -0.0309028
 0.0592379    -0.0331266
 0.0725582    -0.0350101
 0.0870931    -0.0365629
 0.1028043    -0.0377963
 0.1196525    -0.0387232
 0.1375977    -0.0393580
 0.1565988    -0.0397174
 0.1766138    -0.0398198
 0.1975998    -0.0396854
 0.2195125    -0.0393366
 0.2423068    -0.0387973
 0.2659361    -0.0380930
 0.2903524    -0.0372507
 0.3155065    -0.0362984
 0.3413476    -0.0352652
 0.3678229    -0.0341803
 0.3948782    -0.0330732
 0.4224571    -0.0319205
 0.4505011    -0.0306427
 0.4789491    -0.0292569
 0.5077378    -0.0277832
 0.5368005    -0.0262406
 0.5660677    -0.0246478
 0.5954661    -0.0230221
 0.6249182    -0.0213794
 0.6543419    -0.0197344
 0.6836500    -0.0180999
 0.7127487    -0.0164874
 0.7415373    -0.0149065
 0.7699063    -0.0133655
 0.7977362    -0.0118712
 0.8248944    -0.0104298
 0.8512328    -0.0090467
 0.8765830    -0.0077274
 0.9007495    -0.0064783
 0.9234998    -0.0053075
 0.9445469    -0.0042262
 0.9635184    -0.0032509
 0.9798895    -0.0024070
 0.9928006    -0.0017389
 1.0000000    -0.0013650
