NACA 6218
 1.0000000     0.0018900
 0.9928006     0.0044735
 0.9798895     0.0090492
 0.9635184     0.0147464
 0.9445469     0.0212047
 0.9234998     0.0281923
 0.9007495     0.0355398
 0.8765830     0.0431150
 0.8512328     0.0508112
 0.8248944     0.0585400
 0.7977362     0.0662266
 0.7699063     0.0738070
 0.7415373     0.0812256
 0.7127487     0.0884333
 0.6836500     0.0953866
 0.6543419     0.1020463
 0.6249182     0.1083765
 0.5954661     0.1143448
 0.5660677     0.1199211
 0.5368005     0.1250778
 0.5077378     0.1297898
 0.4789491     0.1340339
 0.4505011     0.1377896
 0.4224571     0.1410385
 0.3948782     0.1437649
 0.3678229     0.1459558
 0.3413476     0.1476010
 0.3155065     0.1486936
 0.2903524     0.1492297
 0.2659361     0.1492089
 0.2423068     0.1486341
 0.2195125     0.1475117
 0.1975998     0.1458435
 0.1766138     0.1428980
 0.1565988     0.1383256
 0.1375977     0.1323173
 0.1196525     0.1250672
 0.1028043     0.1167708
 0.0870931     0.1076230
 0.0725582     0.0978164
 0.0592379     0.0875389
 0.0471700     0.0769722
 0.0363913     0.0662890
 0.0269381     0.0556516
 0.0188458     0.0452095
 0.0121494     0.0350973
 0.0068832     0.0254325
 0.0030809     0.0163136
 0.0007756     0.0078180
 0.0000000     0.0000000
 0.0007756    -0.0068891
 0.0030809    -0.0126450
 0.0068832    -0.0173148
 0.0121494    -0.0209608
 0.0188458    -0.0236601
 0.0269381    -0.0255029
 0.0363913    -0.0265924
 0.0471700    -0.0270432
 0.0592379    -0.0269808
 0.0725582    -0.0265406
 0.0870931    -0.0258669
 0.1028043    -0.0251118
 0.1196525    -0.0244343
 0.1375977    -0.0239994
 0.1565988    -0.0239766
 0.1766138    -0.0245387
 0.1975998    -0.0258608
 0.2195125    -0.0275831
 0.2423068    -0.0289697
 0.2659361    -0.0300240
 0.2903524    -0.0307604
 0.3155065    -0.0311952
 0.3413476    -0.0313471
 0.3678229    -0.0312366
 0.3948782    -0.0308857
 0.4224571    -0.0303173
 0.4505011    -0.0295554
 0.4789491    -0.0286238
 0.5077378    -0.0275465
 0.5368005    -0.0263468
 0.5660677    -0.0250471
 0.5954661    -0.0236686
 0.6249182    -0.0222307
 0.6543419    -0.0207513
 0.6836500    -0.0192461
 0.7127487    -0.0177292
 0.7415373    -0.0162123
 0.7699063    -0.0147057
 0.7977362    -0.0132182
 0.8248944    -0.0117574
 0.8512328    -0.0103308
 0.8765830    -0.0089459
 0.9007495    -0.0076116
 0.9234998    -0.0063396
 0.9445469    -0.0051453
 0.9635184    -0.0040515
 0.9798895    -0.0030919
 0.9928006    -0.0023234
 1.0000000    -0.0018900
