NACA 4713
 1.0000000     0.0013650
 0.9928006     0.0043513
 0.9798895     0.0095674
 0.9635184     0.0159250
 0.9445469     0.0229361
 0.9234998     0.0302689
 0.9007495     0.0376712
 0.8765830     0.0449413
 0.8512328     0.0519140
 0.8248944     0.0584525
 0.7977362     0.0644429
 0.7699063     0.0697910
 0.7415373     0.0744191
 0.7127487     0.0782642
 0.6836500     0.0813734
 0.6543419     0.0841734
 0.6249182     0.0867035
 0.5954661     0.0889461
 0.5660677     0.0908853
 0.5368005     0.0925069
 0.5077378     0.0937983
 0.4789491     0.0947486
 0.4505011     0.0953485
 0.4224571     0.0955903
 0.3948782     0.0954683
 0.3678229     0.0949787
 0.3413476     0.0941196
 0.3155065     0.0928917
 0.2903524     0.0912976
 0.2659361     0.0893425
 0.2423068     0.0870340
 0.2195125     0.0843823
 0.1975998     0.0813998
 0.1766138     0.0781014
 0.1565988     0.0745043
 0.1375977     0.0706276
 0.1196525     0.0664925
 0.1028043     0.0621217
 0.0870931     0.0575390
 0.0725582     0.0527693
 0.0592379     0.0478379
 0.0471700     0.0427703
 0.0363913     0.0375914
 0.0269381     0.0323252
 0.0188458     0.0269944
 0.0121494     0.0216197
 0.0068832     0.0162193
 0.0030809     0.0108086
 0.0007756     0.0053995
 0.0000000     0.0000000
 0.0007756    -0.0052223
 0.0030809    -0.0101059
 0.0068832    -0.0146537
 0.0121494    -0.0188668
 0.0188458    -0.0227448
 0.0269381    -0.0262864
 0.0363913    -0.0294896
 0.0471700    -0.0323519
 0.0592379    -0.0348708
 0.0725582    -0.0370441
 0.0870931    -0.0388704
 0.1028043    -0.0403490
 0.1196525    -0.0414808
 0.1375977    -0.0422678
 0.1565988    -0.0427140
 0.1766138    -0.0428251
 0.1975998    -0.0426089
 0.2195125    -0.0420750
 0.2423068    -0.0412353
 0.2659361    -0.0401035
 0.2903524    -0.0386953
 0.3155065    -0.0370280
 0.3413476    -0.0351207
 0.3678229    -0.0329936
 0.3948782    -0.0306682
 0.4224571    -0.0281667
 0.4505011    -0.0255117
 0.4789491    -0.0227264
 0.5077378    -0.0198334
 0.5368005    -0.0168553
 0.5660677    -0.0138139
 0.5954661    -0.0107302
 0.6249182    -0.0076239
 0.6543419    -0.0045137
 0.6836500    -0.0014170
 0.7127487     0.0015913
 0.7415373     0.0040473
 0.7699063     0.0058651
 0.7977362     0.0070661
 0.8248944     0.0076821
 0.8512328     0.0077559
 0.8765830     0.0073418
 0.9007495     0.0065063
 0.9234998     0.0053292
 0.9445469     0.0039055
 0.9635184     0.0023488
 0.9798895     0.0007987
 0.9928006    -0.0005577
 1.0000000    -0.0013650
