NACA 5023
 1.0000000     0.0024150
 0.9928006     0.0050599
 0.9798895     0.0097477
 0.9635184     0.0155914
 0.9445469     0.0222263
 0.9234998     0.0294194
 0.9007495     0.0370015
 0.8765830     0.0448412
 0.8512328     0.0528331
 0.8248944     0.0608897
 0.7977362     0.0689372
 0.7699063     0.0769120
 0.7415373     0.0847581
 0.7127487     0.0924255
 0.6836500     0.0998688
 0.6543419     0.1070458
 0.6249182     0.1139174
 0.5954661     0.1204462
 0.5660677     0.1265969
 0.5368005     0.1323358
 0.5077378     0.1376305
 0.4789491     0.1424506
 0.4505011     0.1467673
 0.4224571     0.1505538
 0.3948782     0.1537859
 0.3678229     0.1564416
 0.3413476     0.1585021
 0.3155065     0.1599517
 0.2903524     0.1607785
 0.2659361     0.1609738
 0.2423068     0.1605334
 0.2195125     0.1594568
 0.1975998     0.1577477
 0.1766138     0.1554138
 0.1565988     0.1524669
 0.1375977     0.1489224
 0.1196525     0.1447990
 0.1028043     0.1401187
 0.0870931     0.1349059
 0.0725582     0.1291871
 0.0592379     0.1229899
 0.0471700     0.1163430
 0.0363913     0.1092746
 0.0269381     0.1018124
 0.0188458     0.0939823
 0.0121494     0.0858075
 0.0068832     0.0773084
 0.0030809     0.0685008
 0.0007756     0.0593961
 0.0000000     0.0500000
 0.0007756     0.0406038
 0.0030809     0.0314982
 0.0068832     0.0226869
 0.0121494     0.0141777
 0.0188458     0.0059822
 0.0269381    -0.0018850
 0.0363913    -0.0094071
 0.0471700    -0.0165655
 0.0592379    -0.0233408
 0.0725582    -0.0297135
 0.0870931    -0.0356645
 0.1028043    -0.0411756
 0.1196525    -0.0462307
 0.1375977    -0.0508157
 0.1565988    -0.0549192
 0.1766138    -0.0585331
 0.1975998    -0.0616523
 0.2195125    -0.0642754
 0.2423068    -0.0664047
 0.2659361    -0.0680460
 0.2903524    -0.0692089
 0.3155065    -0.0699062
 0.3413476    -0.0701539
 0.3678229    -0.0699709
 0.3948782    -0.0693787
 0.4224571    -0.0684008
 0.4505011    -0.0670624
 0.4789491    -0.0653898
 0.5077378    -0.0634103
 0.5368005    -0.0611512
 0.5660677    -0.0586402
 0.5954661    -0.0559042
 0.6249182    -0.0529696
 0.6543419    -0.0498622
 0.6836500    -0.0466065
 0.7127487    -0.0432266
 0.7415373    -0.0397458
 0.7699063    -0.0361876
 0.7977362    -0.0325755
 0.8248944    -0.0289348
 0.8512328    -0.0252928
 0.8765830    -0.0216810
 0.9007495    -0.0181364
 0.9234998    -0.0147046
 0.9445469    -0.0114432
 0.9635184    -0.0084282
 0.9798895    -0.0057660
 0.9928006    -0.0036252
 1.0000000    -0.0024150
