NACA 0514
 1.0000000     0.0014700
 0.9928006     0.0026433
 0.9798895     0.0047216
 0.9635184     0.0073103
 0.9445469     0.0102472
 0.9234998     0.0134291
 0.9007495     0.0167811
 0.8765830     0.0202459
 0.8512328     0.0237775
 0.8248944     0.0273379
 0.7977362     0.0308952
 0.7699063     0.0344216
 0.7415373     0.0378925
 0.7127487     0.0412854
 0.6836500     0.0445794
 0.6543419     0.0477546
 0.6249182     0.0507917
 0.5954661     0.0536719
 0.5660677     0.0563765
 0.5368005     0.0588873
 0.5077378     0.0611863
 0.4789491     0.0632558
 0.4505011     0.0650786
 0.4224571     0.0666384
 0.3948782     0.0679197
 0.3678229     0.0689081
 0.3413476     0.0695909
 0.3155065     0.0699568
 0.2903524     0.0699962
 0.2659361     0.0697017
 0.2423068     0.0690681
 0.2195125     0.0680924
 0.1975998     0.0667739
 0.1766138     0.0651143
 0.1565988     0.0631175
 0.1375977     0.0607898
 0.1196525     0.0581395
 0.1028043     0.0551765
 0.0870931     0.0519127
 0.0725582     0.0483611
 0.0592379     0.0445355
 0.0471700     0.0404504
 0.0363913     0.0361205
 0.0269381     0.0315601
 0.0188458     0.0267826
 0.0121494     0.0218004
 0.0068832     0.0166239
 0.0030809     0.0112617
 0.0007756     0.0057194
 0.0000000     0.0000000
 0.0007756    -0.0057194
 0.0030809    -0.0112617
 0.0068832    -0.0166239
 0.0121494    -0.0218004
 0.0188458    -0.0267826
 0.0269381    -0.0315601
 0.0363913    -0.0361205
 0.0471700    -0.0404504
 0.0592379    -0.0445355
 0.0725582    -0.0483611
 0.0870931    -0.0519127
 0.1028043    -0.0551765
 0.1196525    -0.0581395
 0.1375977    -0.0607898
 0.1565988    -0.0631175
 0.1766138    -0.0651143
 0.1975998    -0.0667739
 0.2195125    -0.0680924
 0.2423068    -0.0690681
 0.2659361    -0.0697017
 0.2903524    -0.0699962
 0.3155065    -0.0699568
 0.3413476    -0.0695909
 0.3678229    -0.0689081
 0.3948782    -0.0679197
 0.4224571    -0.0666384
 0.4505011    -0.0650786
 0.4789491    -0.0632558
 0.5077378    -0.0611863
 0.5368005    -0.0588873
 0.5660677    -0.0563765
 0.5954661    -0.0536719
 0.6249182    -0.0507917
 0.6543419    -0.0477546
 0.6836500    -0.0445794
 0.7127487    -0.0412854
 0.7415373    -0.0378925
 0.7699063    -0.0344216
 0.7977362    -0.0308952
 0.8248944    -0.0273379
 0.8512328    -0.0237775
 0.8765830    -0.0202459
 0.9007495    -0.0167811
 0.9234998    -0.0134291
 0.9445469    -0.0102472
 0.9635184    -0.0073103
 0.9798895    -0.0047216
 0.9928006    -0.0026433
 1.0000000    -0.0014700
