NACA 4821
 1.0000000     0.0022050
 0.9928006     0.0067928
 0.9798895     0.0147221
 0.9635184     0.0242272
 0.9445469     0.0344770
 0.9234998     0.0448914
 0.9007495     0.0550212
 0.8765830     0.0645039
 0.8512328     0.0730414
 0.8248944     0.0803871
 0.7977362     0.0863425
 0.7699063     0.0915758
 0.7415373     0.0966251
 0.7127487     0.1014523
 0.6836500     0.1060230
 0.6543419     0.1103059
 0.6249182     0.1142717
 0.5954661     0.1178932
 0.5660677     0.1211445
 0.5368005     0.1240014
 0.5077378     0.1264409
 0.4789491     0.1284416
 0.4505011     0.1299835
 0.4224571     0.1310489
 0.3948782     0.1316218
 0.3678229     0.1316887
 0.3413476     0.1312388
 0.3155065     0.1302643
 0.2903524     0.1287604
 0.2659361     0.1267260
 0.2423068     0.1241633
 0.2195125     0.1210783
 0.1975998     0.1174805
 0.1766138     0.1133833
 0.1565988     0.1088035
 0.1375977     0.1037612
 0.1196525     0.0982797
 0.1028043     0.0923847
 0.0870931     0.0861043
 0.0725582     0.0794684
 0.0592379     0.0725077
 0.0471700     0.0652535
 0.0363913     0.0577371
 0.0269381     0.0499886
 0.0188458     0.0420363
 0.0121494     0.0339063
 0.0068832     0.0256213
 0.0030809     0.0172000
 0.0007756     0.0086566
 0.0000000     0.0000000
 0.0007756    -0.0085016
 0.0030809    -0.0165850
 0.0068832    -0.0242505
 0.0121494    -0.0314949
 0.0188458    -0.0383115
 0.0269381    -0.0446917
 0.0363913    -0.0506244
 0.0471700    -0.0560977
 0.0592379    -0.0610987
 0.0725582    -0.0656148
 0.0870931    -0.0696339
 0.1028043    -0.0731449
 0.1196525    -0.0761388
 0.1375977    -0.0786083
 0.1565988    -0.0805491
 0.1766138    -0.0819596
 0.1975998    -0.0828412
 0.2195125    -0.0831990
 0.2423068    -0.0830410
 0.2659361    -0.0823791
 0.2903524    -0.0812280
 0.3155065    -0.0796060
 0.3413476    -0.0775340
 0.3678229    -0.0750358
 0.3948782    -0.0721372
 0.4224571    -0.0688662
 0.4505011    -0.0652522
 0.4789491    -0.0613258
 0.5077378    -0.0571181
 0.5368005    -0.0526606
 0.5660677    -0.0479850
 0.5954661    -0.0431224
 0.6249182    -0.0381034
 0.6543419    -0.0329579
 0.6836500    -0.0277152
 0.7127487    -0.0224039
 0.7415373    -0.0170524
 0.7699063    -0.0116890
 0.7977362    -0.0063431
 0.8248944    -0.0016266
 0.8512328     0.0017090
 0.8765830     0.0037662
 0.9007495     0.0046779
 0.9234998     0.0046042
 0.9445469     0.0037353
 0.9635184     0.0022963
 0.9798895     0.0005574
 0.9928006    -0.0011370
 1.0000000    -0.0022050
