NACA 5018
 1.0000000     0.0018900
 0.9928006     0.0041158
 0.9798895     0.0080614
 0.9635184     0.0129806
 0.9445469     0.0185666
 0.9234998     0.0246233
 0.9007495     0.0310082
 0.8765830     0.0376105
 0.8512328     0.0443411
 0.8248944     0.0511262
 0.7977362     0.0579032
 0.7699063     0.0646186
 0.7415373     0.0712250
 0.7127487     0.0776807
 0.6836500     0.0839475
 0.6543419     0.0899906
 0.6249182     0.0957775
 0.5954661     0.1012777
 0.5660677     0.1064625
 0.5368005     0.1113046
 0.5077378     0.1157782
 0.4789491     0.1198592
 0.4505011     0.1235249
 0.4224571     0.1267544
 0.3948782     0.1295288
 0.3678229     0.1318315
 0.3413476     0.1336482
 0.3155065     0.1349672
 0.2903524     0.1357798
 0.2659361     0.1360804
 0.2423068     0.1358662
 0.2195125     0.1351381
 0.1975998     0.1338999
 0.1766138     0.1321587
 0.1565988     0.1299250
 0.1375977     0.1272117
 0.1196525     0.1240349
 0.1028043     0.1204128
 0.0870931     0.1163657
 0.0725582     0.1119153
 0.0592379     0.1070844
 0.0471700     0.1018964
 0.0363913     0.0963745
 0.0269381     0.0905410
 0.0188458     0.0844170
 0.0121494     0.0780217
 0.0068832     0.0713713
 0.0030809     0.0644788
 0.0007756     0.0573535
 0.0000000     0.0500000
 0.0007756     0.0426465
 0.0030809     0.0355202
 0.0068832     0.0286240
 0.0121494     0.0219636
 0.0188458     0.0155474
 0.0269381     0.0093865
 0.0363913     0.0034931
 0.0471700    -0.0021189
 0.0592379    -0.0074353
 0.0725582    -0.0124417
 0.0870931    -0.0171242
 0.1028043    -0.0214697
 0.1196525    -0.0254666
 0.1375977    -0.0291050
 0.1565988    -0.0323773
 0.1766138    -0.0352780
 0.1975998    -0.0378044
 0.2195125    -0.0399567
 0.2423068    -0.0417375
 0.2659361    -0.0431526
 0.2903524    -0.0442103
 0.3155065    -0.0449216
 0.3413476    -0.0453000
 0.3678229    -0.0453609
 0.3948782    -0.0451217
 0.4224571    -0.0446014
 0.4505011    -0.0438200
 0.4789491    -0.0427985
 0.5077378    -0.0415580
 0.5368005    -0.0401200
 0.5660677    -0.0385057
 0.5954661    -0.0367357
 0.6249182    -0.0348298
 0.6543419    -0.0328069
 0.6836500    -0.0306853
 0.7127487    -0.0284818
 0.7415373    -0.0262128
 0.7699063    -0.0238941
 0.7977362    -0.0215415
 0.8248944    -0.0191713
 0.8512328    -0.0168009
 0.8765830    -0.0144503
 0.9007495    -0.0121432
 0.9234998    -0.0099085
 0.9445469    -0.0077835
 0.9635184    -0.0058174
 0.9798895    -0.0040798
 0.9928006    -0.0026812
 1.0000000    -0.0018900
