NACA 5720
 1.0000000     0.0021000
 0.9928006     0.0061471
 0.9798895     0.0132239
 0.9635184     0.0218644
 0.9445469     0.0314149
 0.9234998     0.0414332
 0.9007495     0.0515839
 0.8765830     0.0615996
 0.8512328     0.0712615
 0.8248944     0.0803882
 0.7977362     0.0888291
 0.7699063     0.0964588
 0.7415373     0.1031736
 0.7127487     0.1088889
 0.6836500     0.1136576
 0.6543419     0.1180081
 0.6249182     0.1219843
 0.5954661     0.1255590
 0.5660677     0.1287075
 0.5368005     0.1314070
 0.5077378     0.1336371
 0.4789491     0.1353793
 0.4505011     0.1366174
 0.4224571     0.1373375
 0.3948782     0.1375282
 0.3678229     0.1371809
 0.3413476     0.1362900
 0.3155065     0.1348530
 0.2903524     0.1328709
 0.2659361     0.1303482
 0.2423068     0.1272929
 0.2195125     0.1237169
 0.1975998     0.1196356
 0.1766138     0.1150681
 0.1565988     0.1100368
 0.1375977     0.1045675
 0.1196525     0.0986887
 0.1028043     0.0924315
 0.0870931     0.0858289
 0.0725582     0.0789155
 0.0592379     0.0717266
 0.0471700     0.0642978
 0.0363913     0.0566644
 0.0269381     0.0488601
 0.0188458     0.0409169
 0.0121494     0.0328640
 0.0068832     0.0247270
 0.0030809     0.0165272
 0.0007756     0.0082813
 0.0000000     0.0000000
 0.0007756    -0.0080598
 0.0030809    -0.0156489
 0.0068832    -0.0227700
 0.0121494    -0.0294228
 0.0188458    -0.0356049
 0.0269381    -0.0413116
 0.0363913    -0.0465371
 0.0471700    -0.0512748
 0.0592379    -0.0555176
 0.0725582    -0.0592590
 0.0870931    -0.0624932
 0.1028043    -0.0652157
 0.1196525    -0.0674241
 0.1375977    -0.0691178
 0.1565988    -0.0702990
 0.1766138    -0.0709728
 0.1975998    -0.0711470
 0.2195125    -0.0708328
 0.2423068    -0.0700446
 0.2659361    -0.0687995
 0.2903524    -0.0671181
 0.3155065    -0.0650234
 0.3413476    -0.0625413
 0.3678229    -0.0596996
 0.3948782    -0.0565280
 0.4224571    -0.0530579
 0.4505011    -0.0493214
 0.4789491    -0.0453515
 0.5077378    -0.0411809
 0.5368005    -0.0368425
 0.5660677    -0.0323683
 0.5954661    -0.0277891
 0.6249182    -0.0231348
 0.6543419    -0.0184336
 0.6836500    -0.0137122
 0.7127487    -0.0090694
 0.7415373    -0.0050907
 0.7699063    -0.0018887
 0.7977362     0.0005572
 0.8248944     0.0022800
 0.8512328     0.0033259
 0.8765830     0.0037542
 0.9007495     0.0036379
 0.9234998     0.0030644
 0.9445469     0.0021371
 0.9635184     0.0009778
 0.9798895    -0.0002663
 0.9928006    -0.0014051
 1.0000000    -0.0021000
