NACA 5217
 1.0000000     0.0017850
 0.9928006     0.0041056
 0.9798895     0.0082155
 0.9635184     0.0133330
 0.9445469     0.0191345
 0.9234998     0.0254120
 0.9007495     0.0320138
 0.8765830     0.0388214
 0.8512328     0.0457395
 0.8248944     0.0526887
 0.7977362     0.0596024
 0.7699063     0.0664232
 0.7415373     0.0731012
 0.7127487     0.0795923
 0.6836500     0.0858574
 0.6543419     0.0918607
 0.6249182     0.0975697
 0.5954661     0.1029547
 0.5660677     0.1079880
 0.5368005     0.1126440
 0.5077378     0.1168990
 0.4789491     0.1207315
 0.4505011     0.1241216
 0.4224571     0.1270518
 0.3948782     0.1295069
 0.3678229     0.1314738
 0.3413476     0.1329424
 0.3155065     0.1339052
 0.2903524     0.1343575
 0.2659361     0.1342981
 0.2423068     0.1337286
 0.2195125     0.1326539
 0.1975998     0.1310754
 0.1766138     0.1283837
 0.1565988     0.1242881
 0.1375977     0.1189487
 0.1196525     0.1125283
 0.1028043     0.1051913
 0.0870931     0.0971019
 0.0725582     0.0884224
 0.0592379     0.0793113
 0.0471700     0.0699221
 0.0363913     0.0604009
 0.0269381     0.0508849
 0.0188458     0.0415007
 0.0121494     0.0323621
 0.0068832     0.0235686
 0.0030809     0.0152034
 0.0007756     0.0073320
 0.0000000     0.0000000
 0.0007756    -0.0065579
 0.0030809    -0.0121463
 0.0068832    -0.0168038
 0.0121494    -0.0205817
 0.0188458    -0.0235428
 0.0269381    -0.0257610
 0.0363913    -0.0273204
 0.0471700    -0.0283146
 0.0592379    -0.0288462
 0.0725582    -0.0290259
 0.0870931    -0.0289719
 0.1028043    -0.0288088
 0.1196525    -0.0286676
 0.1375977    -0.0286838
 0.1565988    -0.0289973
 0.1766138    -0.0297510
 0.1975998    -0.0310898
 0.2195125    -0.0327134
 0.2423068    -0.0340083
 0.2659361    -0.0349774
 0.2903524    -0.0356331
 0.3155065    -0.0359898
 0.3413476    -0.0360642
 0.3678229    -0.0358745
 0.3948782    -0.0354409
 0.4224571    -0.0347842
 0.4505011    -0.0339264
 0.4789491    -0.0328897
 0.5077378    -0.0316963
 0.5368005    -0.0303681
 0.5660677    -0.0289264
 0.5954661    -0.0273912
 0.6249182    -0.0257815
 0.6543419    -0.0241148
 0.6836500    -0.0224069
 0.7127487    -0.0206722
 0.7415373    -0.0189235
 0.7699063    -0.0171721
 0.7977362    -0.0154287
 0.8248944    -0.0137033
 0.8512328    -0.0120058
 0.8765830    -0.0103472
 0.9007495    -0.0087403
 0.9234998    -0.0072014
 0.9445469    -0.0057517
 0.9635184    -0.0044206
 0.9798895    -0.0032511
 0.9928006    -0.0023138
 1.0000000    -0.0017850
