NACA 5024
 1.0000000     0.0025200
 0.9928006     0.0052487
 0.9798895     0.0100849
 0.9635184     0.0161136
 0.9445469     0.0229583
 0.9234998     0.0303787
 0.9007495     0.0382001
 0.8765830     0.0462874
 0.8512328     0.0545315
 0.8248944     0.0628424
 0.7977362     0.0711440
 0.7699063     0.0793707
 0.7415373     0.0874647
 0.7127487     0.0953745
 0.6836500     0.1030530
 0.6543419     0.1104569
 0.6249182     0.1175453
 0.5954661     0.1242799
 0.5660677     0.1306238
 0.5368005     0.1365420
 0.5077378     0.1420009
 0.4789491     0.1469689
 0.4505011     0.1514157
 0.4224571     0.1553137
 0.3948782     0.1586373
 0.3678229     0.1613636
 0.3413476     0.1634728
 0.3155065     0.1649486
 0.2903524     0.1657782
 0.2659361     0.1659525
 0.2423068     0.1654669
 0.2195125     0.1643206
 0.1975998     0.1625173
 0.1766138     0.1600649
 0.1565988     0.1569753
 0.1375977     0.1532645
 0.1196525     0.1489518
 0.1028043     0.1440599
 0.0870931     0.1386140
 0.0725582     0.1326414
 0.0592379     0.1261710
 0.0471700     0.1192323
 0.0363913     0.1118547
 0.0269381     0.1040667
 0.0188458     0.0958953
 0.0121494     0.0873647
 0.0068832     0.0784958
 0.0030809     0.0693052
 0.0007756     0.0598046
 0.0000000     0.0500000
 0.0007756     0.0401953
 0.0030809     0.0306938
 0.0068832     0.0214995
 0.0121494     0.0126205
 0.0188458     0.0040692
 0.0269381    -0.0041393
 0.0363913    -0.0119871
 0.0471700    -0.0194548
 0.0592379    -0.0265220
 0.0725582    -0.0331679
 0.0870931    -0.0393725
 0.1028043    -0.0451168
 0.1196525    -0.0503835
 0.1375977    -0.0551578
 0.1565988    -0.0594276
 0.1766138    -0.0631841
 0.1975998    -0.0664218
 0.2195125    -0.0691391
 0.2423068    -0.0713381
 0.2659361    -0.0730247
 0.2903524    -0.0742086
 0.3155065    -0.0749031
 0.3413476    -0.0751247
 0.3678229    -0.0748929
 0.3948782    -0.0742301
 0.4224571    -0.0731607
 0.4505011    -0.0717109
 0.4789491    -0.0699081
 0.5077378    -0.0677807
 0.5368005    -0.0653575
 0.5660677    -0.0626671
 0.5954661    -0.0597379
 0.6249182    -0.0565976
 0.6543419    -0.0532732
 0.6836500    -0.0497907
 0.7127487    -0.0461755
 0.7415373    -0.0424524
 0.7699063    -0.0386462
 0.7977362    -0.0347823
 0.8248944    -0.0308875
 0.8512328    -0.0269912
 0.8765830    -0.0231271
 0.9007495    -0.0193351
 0.9234998    -0.0156638
 0.9445469    -0.0121751
 0.9635184    -0.0089503
 0.9798895    -0.0061033
 0.9928006    -0.0038140
 1.0000000    -0.0025200
