NACA 4515
 1.0000000     0.0015750
 0.9928006     0.0039757
 0.9798895     0.0082118
 0.9635184     0.0134566
 0.9445469     0.0193597
 0.9234998     0.0256919
 0.9007495     0.0322837
 0.8765830     0.0390017
 0.8512328     0.0457375
 0.8248944     0.0524016
 0.7977362     0.0589185
 0.7699063     0.0652244
 0.7415373     0.0712647
 0.7127487     0.0769924
 0.6836500     0.0823673
 0.6543419     0.0873542
 0.6249182     0.0919230
 0.5954661     0.0960474
 0.5660677     0.0997050
 0.5368005     0.1028769
 0.5077378     0.1055472
 0.4789491     0.1077031
 0.4505011     0.1093350
 0.4224571     0.1104362
 0.3948782     0.1110030
 0.3678229     0.1110348
 0.3413476     0.1105344
 0.3155065     0.1095076
 0.2903524     0.1079635
 0.2659361     0.1059146
 0.2423068     0.1033766
 0.2195125     0.1003684
 0.1975998     0.0969121
 0.1766138     0.0930327
 0.1565988     0.0887580
 0.1375977     0.0841183
 0.1196525     0.0791460
 0.1028043     0.0738754
 0.0870931     0.0683420
 0.0725582     0.0625824
 0.0592379     0.0566332
 0.0471700     0.0505309
 0.0363913     0.0443113
 0.0269381     0.0380084
 0.0188458     0.0316542
 0.0121494     0.0252778
 0.0068832     0.0189051
 0.0030809     0.0125575
 0.0007756     0.0062519
 0.0000000     0.0000000
 0.0007756    -0.0060039
 0.0030809    -0.0115746
 0.0068832    -0.0167176
 0.0121494    -0.0214373
 0.0188458    -0.0257372
 0.0269381    -0.0296204
 0.0363913    -0.0330898
 0.0471700    -0.0361485
 0.0592379    -0.0388000
 0.0725582    -0.0410485
 0.0870931    -0.0428995
 0.1028043    -0.0443600
 0.1196525    -0.0454386
 0.1375977    -0.0461456
 0.1565988    -0.0464938
 0.1766138    -0.0464979
 0.1975998    -0.0461748
 0.2195125    -0.0455439
 0.2423068    -0.0446265
 0.2659361    -0.0434461
 0.2903524    -0.0420282
 0.3155065    -0.0403997
 0.3413476    -0.0385890
 0.3678229    -0.0366255
 0.3948782    -0.0345392
 0.4224571    -0.0323603
 0.4505011    -0.0301191
 0.4789491    -0.0278449
 0.5077378    -0.0255663
 0.5368005    -0.0233103
 0.5660677    -0.0211018
 0.5954661    -0.0189638
 0.6249182    -0.0169164
 0.6543419    -0.0149771
 0.6836500    -0.0131600
 0.7127487    -0.0114763
 0.7415373    -0.0099335
 0.7699063    -0.0085362
 0.7977362    -0.0072855
 0.8248944    -0.0061796
 0.8512328    -0.0052142
 0.8765830    -0.0043824
 0.9007495    -0.0036758
 0.9234998    -0.0030846
 0.9445469    -0.0025987
 0.9635184    -0.0022084
 0.9798895    -0.0019058
 0.9928006    -0.0016885
 1.0000000    -0.0015750
