NACA 4218
 1.0000000     0.0018900
 0.9928006     0.0041152
 0.9798895     0.0080564
 0.9635184     0.0129639
 0.9445469     0.0185281
 0.9234998     0.0245502
 0.9007495     0.0308851
 0.8765830     0.0374202
 0.8512328     0.0440645
 0.8248944     0.0507429
 0.7977362     0.0573918
 0.7699063     0.0639568
 0.7415373     0.0703900
 0.7127487     0.0766493
 0.6836500     0.0826966
 0.6543419     0.0884971
 0.6249182     0.0940189
 0.5954661     0.0992321
 0.5660677     0.1041087
 0.5368005     0.1086226
 0.5077378     0.1127492
 0.4789491     0.1164656
 0.4505011     0.1197506
 0.4224571     0.1225850
 0.3948782     0.1249517
 0.3678229     0.1268359
 0.3413476     0.1282254
 0.3155065     0.1291105
 0.2903524     0.1294848
 0.2659361     0.1293447
 0.2423068     0.1286900
 0.2195125     0.1275236
 0.1975998     0.1258464
 0.1766138     0.1231715
 0.1565988     0.1192674
 0.1375977     0.1142643
 0.1196525     0.1082950
 0.1028043     0.1014943
 0.0870931     0.0939970
 0.0725582     0.0859371
 0.0592379     0.0774459
 0.0471700     0.0686507
 0.0363913     0.0596729
 0.0269381     0.0506268
 0.0188458     0.0416180
 0.0121494     0.0327412
 0.0068832     0.0240795
 0.0030809     0.0157021
 0.0007756     0.0076631
 0.0000000     0.0000000
 0.0007756    -0.0070439
 0.0030809    -0.0132564
 0.0068832    -0.0186677
 0.0121494    -0.0233169
 0.0188458    -0.0272516
 0.0269381    -0.0305277
 0.0363913    -0.0332085
 0.0471700    -0.0353647
 0.0592379    -0.0370738
 0.0725582    -0.0384199
 0.0870931    -0.0394929
 0.1028043    -0.0403883
 0.1196525    -0.0412065
 0.1375977    -0.0420524
 0.1565988    -0.0430348
 0.1766138    -0.0442653
 0.1975998    -0.0458579
 0.2195125    -0.0475712
 0.2423068    -0.0489137
 0.2659361    -0.0498882
 0.2903524    -0.0505053
 0.3155065    -0.0507783
 0.3413476    -0.0507228
 0.3678229    -0.0503565
 0.3948782    -0.0496989
 0.4224571    -0.0487709
 0.4505011    -0.0475944
 0.4789491    -0.0461921
 0.5077378    -0.0445870
 0.5368005    -0.0428020
 0.5660677    -0.0408594
 0.5954661    -0.0387813
 0.6249182    -0.0365883
 0.6543419    -0.0343004
 0.6836500    -0.0319362
 0.7127487    -0.0295132
 0.7415373    -0.0270478
 0.7699063    -0.0245559
 0.7977362    -0.0220529
 0.8248944    -0.0195545
 0.8512328    -0.0170775
 0.8765830    -0.0146407
 0.9007495    -0.0122663
 0.9234998    -0.0099817
 0.9445469    -0.0078219
 0.9635184    -0.0058340
 0.9798895    -0.0040848
 0.9928006    -0.0026818
 1.0000000    -0.0018900
