NACA 5619
 1.0000000     0.0019950
 0.9928006     0.0053710
 0.9798895     0.0113091
 0.9635184     0.0186256
 0.9445469     0.0268093
 0.9234998     0.0355214
 0.9007495     0.0445086
 0.8765830     0.0535709
 0.8512328     0.0625450
 0.8248944     0.0712960
 0.7977362     0.0797106
 0.7699063     0.0876937
 0.7415373     0.0951653
 0.7127487     0.1020576
 0.6836500     0.1083140
 0.6543419     0.1138870
 0.6249182     0.1187376
 0.5954661     0.1228375
 0.5660677     0.1263511
 0.5368005     0.1293638
 0.5077378     0.1318563
 0.4789491     0.1338119
 0.4505011     0.1352168
 0.4224571     0.1360598
 0.3948782     0.1363329
 0.3678229     0.1360312
 0.3413476     0.1351530
 0.3155065     0.1337001
 0.2903524     0.1316779
 0.2659361     0.1290953
 0.2423068     0.1259652
 0.2195125     0.1223041
 0.1975998     0.1181320
 0.1766138     0.1134727
 0.1565988     0.1083533
 0.1375977     0.1028039
 0.1196525     0.0968572
 0.1028043     0.0905486
 0.0870931     0.0839150
 0.0725582     0.0769947
 0.0592379     0.0698266
 0.0471700     0.0624496
 0.0363913     0.0549020
 0.0269381     0.0472204
 0.0188458     0.0394395
 0.0121494     0.0315906
 0.0068832     0.0237017
 0.0030809     0.0157958
 0.0007756     0.0078912
 0.0000000     0.0000000
 0.0007756    -0.0076329
 0.0030809    -0.0147715
 0.0068832    -0.0214204
 0.0121494    -0.0275818
 0.0188458    -0.0332562
 0.0269381    -0.0384427
 0.0363913    -0.0431394
 0.0471700    -0.0473443
 0.0592379    -0.0510554
 0.0725582    -0.0542710
 0.0870931    -0.0569910
 0.1028043    -0.0592163
 0.1196525    -0.0609499
 0.1375977    -0.0621972
 0.1565988    -0.0629657
 0.1766138    -0.0632660
 0.1975998    -0.0631114
 0.2195125    -0.0625182
 0.2423068    -0.0615054
 0.2659361    -0.0600950
 0.2903524    -0.0583117
 0.3155065    -0.0561825
 0.3413476    -0.0537367
 0.3678229    -0.0510052
 0.3948782    -0.0480204
 0.4224571    -0.0448158
 0.4505011    -0.0414251
 0.4789491    -0.0378823
 0.5077378    -0.0342208
 0.5368005    -0.0304733
 0.5660677    -0.0266709
 0.5954661    -0.0228432
 0.6249182    -0.0191256
 0.6543419    -0.0157326
 0.6836500    -0.0126873
 0.7127487    -0.0100028
 0.7415373    -0.0076858
 0.7699063    -0.0057363
 0.7977362    -0.0041478
 0.8248944    -0.0029069
 0.8512328    -0.0019938
 0.8765830    -0.0013823
 0.9007495    -0.0010401
 0.9234998    -0.0009289
 0.9445469    -0.0010046
 0.9635184    -0.0012166
 0.9798895    -0.0015066
 0.9928006    -0.0018037
 1.0000000    -0.0019950
