NACA 1020
 1.0000000     0.0021000
 0.9928006     0.0039196
 0.9798895     0.0071433
 0.9635184     0.0111596
 0.9445469     0.0157172
 0.9234998     0.0206559
 0.9007495     0.0258595
 0.8765830     0.0312387
 0.8512328     0.0367218
 0.8248944     0.0422496
 0.7977362     0.0477721
 0.7699063     0.0532462
 0.7415373     0.0586334
 0.7127487     0.0638990
 0.6836500     0.0690111
 0.6543419     0.0739392
 0.6249182     0.0786543
 0.5954661     0.0831283
 0.5660677     0.0873335
 0.5368005     0.0912432
 0.5077378     0.0948310
 0.4789491     0.0980715
 0.4505011     0.1009399
 0.4224571     0.1034130
 0.3948782     0.1054688
 0.3678229     0.1070873
 0.3413476     0.1082504
 0.3155065     0.1089428
 0.2903524     0.1091515
 0.2659361     0.1088666
 0.2423068     0.1080816
 0.2195125     0.1067930
 0.1975998     0.1050008
 0.1766138     0.1027085
 0.1565988     0.0999227
 0.1375977     0.0966533
 0.1196525     0.0929132
 0.1028043     0.0887179
 0.0870931     0.0840852
 0.0725582     0.0790346
 0.0592379     0.0735870
 0.0471700     0.0677640
 0.0363913     0.0615875
 0.0269381     0.0550786
 0.0188458     0.0482573
 0.0121494     0.0411419
 0.0068832     0.0337480
 0.0030809     0.0260880
 0.0007756     0.0181706
 0.0000000     0.0100000
 0.0007756     0.0018294
 0.0030809    -0.0060882
 0.0068832    -0.0137489
 0.0121494    -0.0211449
 0.0188458    -0.0282644
 0.0269381    -0.0350931
 0.0363913    -0.0416140
 0.0471700    -0.0478085
 0.0592379    -0.0536572
 0.0725582    -0.0591399
 0.0870931    -0.0642369
 0.1028043    -0.0689293
 0.1196525    -0.0731996
 0.1375977    -0.0770320
 0.1565988    -0.0804131
 0.1766138    -0.0833323
 0.1975998    -0.0857817
 0.2195125    -0.0877567
 0.2423068    -0.0892559
 0.2659361    -0.0902811
 0.2903524    -0.0908375
 0.3155065    -0.0909337
 0.3413476    -0.0905808
 0.3678229    -0.0897931
 0.3948782    -0.0885874
 0.4224571    -0.0869824
 0.4505011    -0.0849989
 0.4789491    -0.0826593
 0.5077378    -0.0799870
 0.5368005    -0.0770063
 0.5660677    -0.0737422
 0.5954661    -0.0702199
 0.6249182    -0.0664648
 0.6543419    -0.0625025
 0.6836500    -0.0583587
 0.7127487    -0.0540593
 0.7415373    -0.0496309
 0.7699063    -0.0451013
 0.7977362    -0.0404998
 0.8248944    -0.0358586
 0.8512328    -0.0312138
 0.8765830    -0.0266067
 0.9007495    -0.0220865
 0.9234998    -0.0177129
 0.9445469    -0.0135606
 0.9635184    -0.0097270
 0.9798895    -0.0063469
 0.9928006    -0.0036326
 1.0000000    -0.0021000
