NACA 5321
 1.0000000     0.0022050
 0.9928006     0.0049881
 0.9798895     0.0099140
 0.9635184     0.0160413
 0.9445469     0.0229789
 0.9234998     0.0304750
 0.9007495     0.0383451
 0.8765830     0.0464456
 0.8512328     0.0546603
 0.8248944     0.0628931
 0.7977362     0.0710631
 0.7699063     0.0791006
 0.7415373     0.0869454
 0.7127487     0.0945443
 0.6836500     0.1018500
 0.6543419     0.1088198
 0.6249182     0.1154149
 0.5954661     0.1215996
 0.5660677     0.1273411
 0.5368005     0.1326091
 0.5077378     0.1373759
 0.4789491     0.1416160
 0.4505011     0.1453066
 0.4224571     0.1484274
 0.3948782     0.1509609
 0.3678229     0.1528928
 0.3413476     0.1542120
 0.3155065     0.1549106
 0.2903524     0.1549425
 0.2659361     0.1539079
 0.2423068     0.1517530
 0.2195125     0.1485396
 0.1975998     0.1443354
 0.1766138     0.1392136
 0.1565988     0.1332519
 0.1375977     0.1265323
 0.1196525     0.1191397
 0.1028043     0.1111614
 0.0870931     0.1026861
 0.0725582     0.0938028
 0.0592379     0.0845996
 0.0471700     0.0751628
 0.0363913     0.0655755
 0.0269381     0.0559163
 0.0188458     0.0462586
 0.0121494     0.0366684
 0.0068832     0.0272040
 0.0030809     0.0179142
 0.0007756     0.0088373
 0.0000000     0.0000000
 0.0007756    -0.0083209
 0.0030809    -0.0158708
 0.0068832    -0.0226678
 0.0121494    -0.0287328
 0.0188458    -0.0340893
 0.0269381    -0.0387639
 0.0363913    -0.0427861
 0.0471700    -0.0461884
 0.0592379    -0.0490067
 0.0725582    -0.0512804
 0.0870931    -0.0530521
 0.1028043    -0.0543682
 0.1196525    -0.0552788
 0.1375977    -0.0558373
 0.1565988    -0.0561007
 0.1766138    -0.0561293
 0.1975998    -0.0559863
 0.2195125    -0.0557376
 0.2423068    -0.0554513
 0.2659361    -0.0551972
 0.2903524    -0.0550459
 0.3155065    -0.0549597
 0.3413476    -0.0545609
 0.3678229    -0.0538316
 0.3948782    -0.0527981
 0.4224571    -0.0514877
 0.4505011    -0.0499292
 0.4789491    -0.0481513
 0.5077378    -0.0461830
 0.5368005    -0.0440529
 0.5660677    -0.0417884
 0.5954661    -0.0394160
 0.6249182    -0.0369602
 0.6543419    -0.0344440
 0.6836500    -0.0318882
 0.7127487    -0.0293119
 0.7415373    -0.0267321
 0.7699063    -0.0241642
 0.7977362    -0.0216225
 0.8248944    -0.0191205
 0.8512328    -0.0166721
 0.8765830    -0.0142921
 0.9007495    -0.0119982
 0.9234998    -0.0098122
 0.9445469    -0.0077628
 0.9635184    -0.0058896
 0.9798895    -0.0042507
 0.9928006    -0.0029417
 1.0000000    -0.0022050
