NACA 3924
 1.0000000     0.0025200
 0.9928006     0.0086955
 0.9798895     0.0189471
 0.9635184     0.0304282
 0.9445469     0.0416134
 0.9234998     0.0513645
 0.9007495     0.0587659
 0.8765830     0.0646869
 0.8512328     0.0706733
 0.8248944     0.0766560
 0.7977362     0.0825758
 0.7699063     0.0883816
 0.7415373     0.0940285
 0.7127487     0.0994764
 0.6836500     0.1046883
 0.6543419     0.1096299
 0.6249182     0.1142689
 0.5954661     0.1185741
 0.5660677     0.1225154
 0.5368005     0.1260640
 0.5077378     0.1291920
 0.4789491     0.1318724
 0.4505011     0.1340800
 0.4224571     0.1357910
 0.3948782     0.1369838
 0.3678229     0.1376389
 0.3413476     0.1377398
 0.3155065     0.1372728
 0.2903524     0.1362278
 0.2659361     0.1345984
 0.2423068     0.1323817
 0.2195125     0.1295794
 0.1975998     0.1261967
 0.1766138     0.1222435
 0.1565988     0.1177331
 0.1375977     0.1126831
 0.1196525     0.1071143
 0.1028043     0.1010505
 0.0870931     0.0945185
 0.0725582     0.0875469
 0.0592379     0.0801657
 0.0471700     0.0724058
 0.0363913     0.0642979
 0.0269381     0.0558720
 0.0188458     0.0471563
 0.0121494     0.0381766
 0.0068832     0.0289553
 0.0030809     0.0195107
 0.0007756     0.0098564
 0.0000000     0.0000000
 0.0007756    -0.0097530
 0.0030809    -0.0191007
 0.0068832    -0.0280410
 0.0121494    -0.0365676
 0.0188458    -0.0446698
 0.0269381    -0.0523340
 0.0363913    -0.0595439
 0.0471700    -0.0662813
 0.0592379    -0.0725273
 0.0725582    -0.0782624
 0.0870931    -0.0834680
 0.1028043    -0.0881262
 0.1196525    -0.0922211
 0.1375977    -0.0957392
 0.1565988    -0.0986698
 0.1766138    -0.1010055
 0.1975998    -0.1027424
 0.2195125    -0.1038803
 0.2423068    -0.1044232
 0.2659361    -0.1043789
 0.2903524    -0.1037590
 0.3155065    -0.1025789
 0.3413476    -0.1008577
 0.3678229    -0.0986176
 0.3948782    -0.0958836
 0.4224571    -0.0926834
 0.4505011    -0.0890466
 0.4789491    -0.0850045
 0.5077378    -0.0805897
 0.5368005    -0.0758354
 0.5660677    -0.0707755
 0.5954661    -0.0654437
 0.6249182    -0.0598741
 0.6543419    -0.0541001
 0.6836500    -0.0481555
 0.7127487    -0.0420736
 0.7415373    -0.0358886
 0.7699063    -0.0296353
 0.7977362    -0.0233505
 0.8248944    -0.0170739
 0.8512328    -0.0108494
 0.8765830    -0.0047276
 0.9007495     0.0012307
 0.9234998     0.0053220
 0.9445469     0.0064800
 0.9635184     0.0053643
 0.9798895     0.0027589
 0.9928006    -0.0003672
 1.0000000    -0.0025200
