NACA 1017
 1.0000000     0.0017850
 0.9928006     0.0033532
 0.9798895     0.0061315
 0.9635184     0.0095931
 0.9445469     0.0135214
 0.9234998     0.0177782
 0.9007495     0.0222636
 0.8765830     0.0269003
 0.8512328     0.0316266
 0.8248944     0.0363915
 0.7977362     0.0411518
 0.7699063     0.0458701
 0.7415373     0.0505135
 0.7127487     0.0550522
 0.6836500     0.0594584
 0.6543419     0.0637061
 0.6249182     0.0677704
 0.5954661     0.0716272
 0.5660677     0.0752529
 0.5368005     0.0786245
 0.5077378     0.0817197
 0.4789491     0.0845167
 0.4505011     0.0869945
 0.4224571     0.0891333
 0.3948782     0.0909146
 0.3678229     0.0923212
 0.3413476     0.0933381
 0.3155065     0.0939520
 0.2903524     0.0941523
 0.2659361     0.0939306
 0.2423068     0.0932813
 0.2195125     0.0922018
 0.1975998     0.0906921
 0.1766138     0.0887554
 0.1565988     0.0863975
 0.1375977     0.0836269
 0.1196525     0.0804548
 0.1028043     0.0768944
 0.0870931     0.0729610
 0.0725582     0.0686715
 0.0592379     0.0640437
 0.0471700     0.0590961
 0.0363913     0.0538474
 0.0269381     0.0483157
 0.0188458     0.0425182
 0.0121494     0.0364704
 0.0068832     0.0301857
 0.0030809     0.0236748
 0.0007756     0.0169450
 0.0000000     0.0100000
 0.0007756     0.0030550
 0.0030809    -0.0036750
 0.0068832    -0.0101867
 0.0121494    -0.0164734
 0.0188458    -0.0225253
 0.0269381    -0.0283302
 0.0363913    -0.0338739
 0.0471700    -0.0391406
 0.0592379    -0.0441139
 0.0725582    -0.0487768
 0.0870931    -0.0531127
 0.1028043    -0.0571058
 0.1196525    -0.0607411
 0.1375977    -0.0640056
 0.1565988    -0.0668880
 0.1766138    -0.0693793
 0.1975998    -0.0714731
 0.2195125    -0.0731655
 0.2423068    -0.0744556
 0.2659361    -0.0753450
 0.2903524    -0.0758384
 0.3155065    -0.0759429
 0.3413476    -0.0756685
 0.3678229    -0.0750271
 0.3948782    -0.0740332
 0.4224571    -0.0727027
 0.4505011    -0.0710535
 0.4789491    -0.0691045
 0.5077378    -0.0668756
 0.5368005    -0.0643876
 0.5660677    -0.0616615
 0.5954661    -0.0587188
 0.6249182    -0.0555809
 0.6543419    -0.0522694
 0.6836500    -0.0488059
 0.7127487    -0.0452124
 0.7415373    -0.0415111
 0.7699063    -0.0377252
 0.7977362    -0.0338794
 0.8248944    -0.0300005
 0.8512328    -0.0261186
 0.8765830    -0.0222683
 0.9007495    -0.0184906
 0.9234998    -0.0148352
 0.9445469    -0.0113648
 0.9635184    -0.0081605
 0.9798895    -0.0053352
 0.9928006    -0.0030662
 1.0000000    -0.0017850
