NACA 4615
 1.0000000     0.0015750
 0.9928006     0.0042590
 0.9798895     0.0089798
 0.9635184     0.0147961
 0.9445469     0.0213010
 0.9234998     0.0282253
 0.9007495     0.0353672
 0.8765830     0.0425675
 0.8512328     0.0496964
 0.8248944     0.0566462
 0.7977362     0.0633271
 0.7699063     0.0696632
 0.7415373     0.0755909
 0.7127487     0.0810563
 0.6836500     0.0860143
 0.6543419     0.0904274
 0.6249182     0.0942644
 0.5954661     0.0975033
 0.5660677     0.1002755
 0.5368005     0.1026498
 0.5077378     0.1046110
 0.4789491     0.1061459
 0.4505011     0.1072437
 0.4224571     0.1078959
 0.3948782     0.1080961
 0.3678229     0.1078406
 0.3413476     0.1071283
 0.3155065     0.1059607
 0.2903524     0.1043424
 0.2659361     0.1022805
 0.2423068     0.0997855
 0.2195125     0.0968705
 0.1975998     0.0935517
 0.1766138     0.0898480
 0.1565988     0.0857810
 0.1375977     0.0813747
 0.1196525     0.0766552
 0.1028043     0.0716507
 0.0870931     0.0663904
 0.0725582     0.0609049
 0.0592379     0.0552250
 0.0471700     0.0493818
 0.0363913     0.0434056
 0.0269381     0.0373255
 0.0188458     0.0311690
 0.0121494     0.0249611
 0.0068832     0.0187238
 0.0030809     0.0124758
 0.0007756     0.0062313
 0.0000000     0.0000000
 0.0007756    -0.0060246
 0.0030809    -0.0116563
 0.0068832    -0.0168989
 0.0121494    -0.0217540
 0.0188458    -0.0262224
 0.0269381    -0.0303033
 0.0363913    -0.0339955
 0.0471700    -0.0372976
 0.0592379    -0.0402081
 0.0725582    -0.0427260
 0.0870931    -0.0448512
 0.1028043    -0.0465848
 0.1196525    -0.0479294
 0.1375977    -0.0488893
 0.1565988    -0.0494709
 0.1766138    -0.0496826
 0.1975998    -0.0495352
 0.2195125    -0.0490418
 0.2423068    -0.0482176
 0.2659361    -0.0470802
 0.2903524    -0.0456494
 0.3155065    -0.0439466
 0.3413476    -0.0419952
 0.3678229    -0.0398197
 0.3948782    -0.0374461
 0.4224571    -0.0349006
 0.4505011    -0.0322104
 0.4789491    -0.0294022
 0.5077378    -0.0265026
 0.5368005    -0.0235374
 0.5660677    -0.0205313
 0.5954661    -0.0175078
 0.6249182    -0.0145749
 0.6543419    -0.0119039
 0.6836500    -0.0095130
 0.7127487    -0.0074124
 0.7415373    -0.0056073
 0.7699063    -0.0040973
 0.7977362    -0.0028769
 0.8248944    -0.0019350
 0.8512328    -0.0012553
 0.8765830    -0.0008166
 0.9007495    -0.0005923
 0.9234998    -0.0005513
 0.9445469    -0.0006573
 0.9635184    -0.0008689
 0.9798895    -0.0011378
 0.9928006    -0.0014052
 1.0000000    -0.0015750
