NACA 5815
 1.0000000     0.0015750
 0.9928006     0.0063670
 0.9798895     0.0146085
 0.9635184     0.0244096
 0.9445469     0.0348619
 0.9234998     0.0453230
 0.9007495     0.0552917
 0.8765830     0.0643608
 0.8512328     0.0721948
 0.8248944     0.0785159
 0.7977362     0.0831016
 0.7699063     0.0868095
 0.7415373     0.0903321
 0.7127487     0.0936396
 0.6836500     0.0967061
 0.6543419     0.0995081
 0.6249182     0.1020249
 0.5954661     0.1042373
 0.5660677     0.1061281
 0.5368005     0.1076816
 0.5077378     0.1088835
 0.4789491     0.1097214
 0.4505011     0.1101841
 0.4224571     0.1102624
 0.3948782     0.1099489
 0.3678229     0.1092382
 0.3413476     0.1081272
 0.3155065     0.1066151
 0.2903524     0.1047036
 0.2659361     0.1023972
 0.2423068     0.0997030
 0.2195125     0.0966307
 0.1975998     0.0931930
 0.1766138     0.0894051
 0.1565988     0.0852849
 0.1375977     0.0808525
 0.1196525     0.0761304
 0.1028043     0.0711426
 0.0870931     0.0659148
 0.0725582     0.0604739
 0.0592379     0.0548471
 0.0471700     0.0490621
 0.0363913     0.0431460
 0.0269381     0.0371249
 0.0188458     0.0310236
 0.0121494     0.0248647
 0.0068832     0.0186681
 0.0030809     0.0124504
 0.0007756     0.0062248
 0.0000000     0.0000000
 0.0007756    -0.0060310
 0.0030809    -0.0116817
 0.0068832    -0.0169547
 0.0121494    -0.0218504
 0.0188458    -0.0263677
 0.0269381    -0.0305038
 0.0363913    -0.0342551
 0.0471700    -0.0376173
 0.0592379    -0.0405860
 0.0725582    -0.0431570
 0.0870931    -0.0453267
 0.1028043    -0.0470929
 0.1196525    -0.0484542
 0.1375977    -0.0494114
 0.1565988    -0.0499670
 0.1766138    -0.0501255
 0.1975998    -0.0498939
 0.2195125    -0.0492816
 0.2423068    -0.0483001
 0.2659361    -0.0469635
 0.2903524    -0.0452881
 0.3155065    -0.0432923
 0.3413476    -0.0409963
 0.3678229    -0.0384221
 0.3948782    -0.0355932
 0.4224571    -0.0325341
 0.4505011    -0.0292700
 0.4789491    -0.0258267
 0.5077378    -0.0222300
 0.5368005    -0.0185056
 0.5660677    -0.0146787
 0.5954661    -0.0107739
 0.6249182    -0.0068145
 0.6543419    -0.0028232
 0.6836500     0.0011787
 0.7127487     0.0051709
 0.7415373     0.0091339
 0.7699063     0.0130490
 0.7977362     0.0168976
 0.8248944     0.0199347
 0.8512328     0.0212432
 0.8765830     0.0209768
 0.9007495     0.0193322
 0.9234998     0.0165465
 0.9445469     0.0129036
 0.9635184     0.0087447
 0.9798895     0.0044909
 0.9928006     0.0007028
 1.0000000    -0.0015750
