NACA 5821
 1.0000000     0.0022050
 0.9928006     0.0074998
 0.9798895     0.0166321
 0.9635184     0.0275426
 0.9445469     0.0392536
 0.9234998     0.0510783
 0.9007495     0.0624836
 0.8765830     0.0730376
 0.8512328     0.0823852
 0.8248944     0.0902322
 0.7977362     0.0963424
 0.7699063     0.1015617
 0.7415373     0.1065717
 0.7127487     0.1113334
 0.6836500     0.1158115
 0.6543419     0.1199744
 0.6249182     0.1237927
 0.5954661     0.1272395
 0.5660677     0.1302894
 0.5368005     0.1329190
 0.5077378     0.1351063
 0.4789491     0.1368310
 0.4505011     0.1380750
 0.4224571     0.1388217
 0.3948782     0.1390573
 0.3678229     0.1387703
 0.3413476     0.1379519
 0.3155065     0.1365965
 0.2903524     0.1347020
 0.2659361     0.1322694
 0.2423068     0.1293036
 0.2195125     0.1258132
 0.1975998     0.1218104
 0.1766138     0.1173112
 0.1565988     0.1123353
 0.1375977     0.1069053
 0.1196525     0.1010473
 0.1028043     0.0947897
 0.0870931     0.0881631
 0.0725582     0.0812001
 0.0592379     0.0739338
 0.0471700     0.0663980
 0.0363913     0.0586262
 0.0269381     0.0506507
 0.0188458     0.0425019
 0.0121494     0.0342077
 0.0068832     0.0257926
 0.0030809     0.0172769
 0.0007756     0.0086760
 0.0000000     0.0000000
 0.0007756    -0.0084822
 0.0030809    -0.0165081
 0.0068832    -0.0240792
 0.0121494    -0.0311934
 0.0188458    -0.0378460
 0.0269381    -0.0440296
 0.0363913    -0.0497353
 0.0471700    -0.0549532
 0.0592379    -0.0596726
 0.0725582    -0.0638831
 0.0870931    -0.0675751
 0.1028043    -0.0707399
 0.1196525    -0.0733711
 0.1375977    -0.0754642
 0.1565988    -0.0770173
 0.1766138    -0.0780316
 0.1975998    -0.0785113
 0.2195125    -0.0784641
 0.2423068    -0.0779007
 0.2659361    -0.0768357
 0.2903524    -0.0752865
 0.3155065    -0.0732737
 0.3413476    -0.0708209
 0.3678229    -0.0679542
 0.3948782    -0.0647017
 0.4224571    -0.0610934
 0.4505011    -0.0571608
 0.4789491    -0.0529363
 0.5077378    -0.0484527
 0.5368005    -0.0437430
 0.5660677    -0.0388401
 0.5954661    -0.0337761
 0.6249182    -0.0285824
 0.6543419    -0.0232894
 0.6836500    -0.0179267
 0.7127487    -0.0125229
 0.7415373    -0.0071058
 0.7699063    -0.0017032
 0.7977362     0.0036568
 0.8248944     0.0082185
 0.8512328     0.0110528
 0.8765830     0.0123000
 0.9007495     0.0121403
 0.9234998     0.0107912
 0.9445469     0.0085119
 0.9635184     0.0056117
 0.9798895     0.0024674
 0.9928006    -0.0004300
 1.0000000    -0.0022050
