NACA 4221
 1.0000000     0.0022050
 0.9928006     0.0046816
 0.9798895     0.0090681
 0.9635184     0.0145304
 0.9445469     0.0207240
 0.9234998     0.0274278
 0.9007495     0.0344810
 0.8765830     0.0417586
 0.8512328     0.0491597
 0.8248944     0.0566010
 0.7977362     0.0640122
 0.7699063     0.0713328
 0.7415373     0.0785098
 0.7127487     0.0854962
 0.6836500     0.0922493
 0.6543419     0.0987302
 0.6249182     0.1049028
 0.5954661     0.1107332
 0.5660677     0.1161894
 0.5368005     0.1212414
 0.5077378     0.1258606
 0.4789491     0.1300204
 0.4505011     0.1336960
 0.4224571     0.1368646
 0.3948782     0.1395059
 0.3678229     0.1416019
 0.3413476     0.1431377
 0.3155065     0.1441013
 0.2903524     0.1444840
 0.2659361     0.1442808
 0.2423068     0.1434903
 0.2195125     0.1421148
 0.1975998     0.1401551
 0.1766138     0.1371245
 0.1565988     0.1327926
 0.1375977     0.1272907
 0.1196525     0.1207535
 0.1028043     0.1133178
 0.0870931     0.1051211
 0.0725582     0.0963002
 0.0592379     0.0869892
 0.0471700     0.0773186
 0.0363913     0.0674130
 0.0269381     0.0573897
 0.0188458     0.0473571
 0.0121494     0.0374127
 0.0068832     0.0276418
 0.0030809     0.0181153
 0.0007756     0.0088887
 0.0000000     0.0000000
 0.0007756    -0.0082695
 0.0030809    -0.0156696
 0.0068832    -0.0222300
 0.0121494    -0.0279884
 0.0188458    -0.0329908
 0.0269381    -0.0372906
 0.0363913    -0.0409486
 0.0471700    -0.0440326
 0.0592379    -0.0466171
 0.0725582    -0.0487830
 0.0870931    -0.0506171
 0.1028043    -0.0522118
 0.1196525    -0.0536649
 0.1375977    -0.0550788
 0.1565988    -0.0565600
 0.1766138    -0.0582183
 0.1975998    -0.0601666
 0.2195125    -0.0621624
 0.2423068    -0.0637140
 0.2659361    -0.0648243
 0.2903524    -0.0655044
 0.3155065    -0.0657690
 0.3413476    -0.0656351
 0.3678229    -0.0651225
 0.3948782    -0.0642531
 0.4224571    -0.0630505
 0.4505011    -0.0615398
 0.4789491    -0.0597469
 0.5077378    -0.0576984
 0.5368005    -0.0554207
 0.5660677    -0.0529401
 0.5954661    -0.0502824
 0.6249182    -0.0474723
 0.6543419    -0.0445336
 0.6836500    -0.0414890
 0.7127487    -0.0383601
 0.7415373    -0.0351677
 0.7699063    -0.0319320
 0.7977362    -0.0286733
 0.8248944    -0.0254126
 0.8512328    -0.0221727
 0.8765830    -0.0189791
 0.9007495    -0.0158623
 0.9234998    -0.0128593
 0.9445469    -0.0100177
 0.9635184    -0.0074005
 0.9798895    -0.0050966
 0.9928006    -0.0032482
 1.0000000    -0.0022050
