NACA 6413
 1.0000000     0.0013650
 0.9928006     0.0038857
 0.9798895     0.0083390
 0.9635184     0.0138626
 0.9445469     0.0200934
 0.9234998     0.0267945
 0.9007495     0.0337908
 0.8765830     0.0409445
 0.8512328     0.0481439
 0.8248944     0.0552960
 0.7977362     0.0623227
 0.7699063     0.0691578
 0.7415373     0.0757446
 0.7127487     0.0820345
 0.6836500     0.0879856
 0.6543419     0.0935619
 0.6249182     0.0987324
 0.5954661     0.1034703
 0.5660677     0.1077532
 0.5368005     0.1115620
 0.5077378     0.1148813
 0.4789491     0.1176987
 0.4505011     0.1200051
 0.4224571     0.1217944
 0.3948782     0.1230584
 0.3678229     0.1235979
 0.3413476     0.1233301
 0.3155065     0.1222827
 0.2903524     0.1204880
 0.2659361     0.1179831
 0.2423068     0.1148095
 0.2195125     0.1110128
 0.1975998     0.1066421
 0.1766138     0.1017502
 0.1565988     0.0963926
 0.1375977     0.0906271
 0.1196525     0.0845136
 0.1028043     0.0781134
 0.0870931     0.0714882
 0.0725582     0.0646999
 0.0592379     0.0578098
 0.0471700     0.0508777
 0.0363913     0.0439613
 0.0269381     0.0371151
 0.0188458     0.0303901
 0.0121494     0.0238327
 0.0068832     0.0174837
 0.0030809     0.0113780
 0.0007756     0.0055433
 0.0000000     0.0000000
 0.0007756    -0.0050784
 0.0030809    -0.0095366
 0.0068832    -0.0133893
 0.0121494    -0.0166537
 0.0188458    -0.0193490
 0.0269381    -0.0214965
 0.0363913    -0.0231197
 0.0471700    -0.0242445
 0.0592379    -0.0248989
 0.0725582    -0.0251135
 0.0870931    -0.0249212
 0.1028043    -0.0243573
 0.1196525    -0.0234597
 0.1375977    -0.0222683
 0.1565988    -0.0208257
 0.1766138    -0.0191763
 0.1975998    -0.0173665
 0.2195125    -0.0154446
 0.2423068    -0.0134599
 0.2659361    -0.0114629
 0.2903524    -0.0095049
 0.3155065    -0.0076370
 0.3413476    -0.0059102
 0.3678229    -0.0043744
 0.3948782    -0.0030781
 0.4224571    -0.0019625
 0.4505011    -0.0008552
 0.4789491     0.0002237
 0.5077378     0.0012496
 0.5368005     0.0021998
 0.5660677     0.0030540
 0.5954661     0.0037940
 0.6249182     0.0044049
 0.6543419     0.0048748
 0.6836500     0.0051953
 0.7127487     0.0053616
 0.7415373     0.0053728
 0.7699063     0.0052320
 0.7977362     0.0049459
 0.8248944     0.0045256
 0.8512328     0.0039858
 0.8765830     0.0033450
 0.9007495     0.0026259
 0.9234998     0.0018548
 0.9445469     0.0010628
 0.9635184     0.0002864
 0.9798895    -0.0004296
 0.9928006    -0.0010232
 1.0000000    -0.0013650
