NACA 1021
 1.0000000     0.0022050
 0.9928006     0.0041084
 0.9798895     0.0074805
 0.9635184     0.0116818
 0.9445469     0.0164492
 0.9234998     0.0216151
 0.9007495     0.0270582
 0.8765830     0.0326849
 0.8512328     0.0384202
 0.8248944     0.0442023
 0.7977362     0.0499789
 0.7699063     0.0557048
 0.7415373     0.0613400
 0.7127487     0.0668480
 0.6836500     0.0721954
 0.6543419     0.0773503
 0.6249182     0.0822823
 0.5954661     0.0869620
 0.5660677     0.0913604
 0.5368005     0.0954495
 0.5077378     0.0992015
 0.4789491     0.1025897
 0.4505011     0.1055884
 0.4224571     0.1081729
 0.3948782     0.1103202
 0.3678229     0.1120093
 0.3413476     0.1132212
 0.3155065     0.1139397
 0.2903524     0.1141512
 0.2659361     0.1138453
 0.2423068     0.1130150
 0.2195125     0.1116568
 0.1975998     0.1097704
 0.1766138     0.1073595
 0.1565988     0.1044311
 0.1375977     0.1009954
 0.1196525     0.0970660
 0.1028043     0.0926591
 0.0870931     0.0877932
 0.0725582     0.0824889
 0.0592379     0.0767681
 0.0471700     0.0706534
 0.0363913     0.0641675
 0.0269381     0.0573329
 0.0188458     0.0501704
 0.0121494     0.0426991
 0.0068832     0.0349354
 0.0030809     0.0268924
 0.0007756     0.0185791
 0.0000000     0.0100000
 0.0007756     0.0014209
 0.0030809    -0.0068926
 0.0068832    -0.0149364
 0.0121494    -0.0227021
 0.0188458    -0.0301775
 0.0269381    -0.0373474
 0.0363913    -0.0441940
 0.0471700    -0.0506979
 0.0592379    -0.0568383
 0.0725582    -0.0625942
 0.0870931    -0.0679449
 0.1028043    -0.0728705
 0.1196525    -0.0773524
 0.1375977    -0.0813741
 0.1565988    -0.0849215
 0.1766138    -0.0879834
 0.1975998    -0.0905513
 0.2195125    -0.0926205
 0.2423068    -0.0941893
 0.2659361    -0.0952598
 0.2903524    -0.0958373
 0.3155065    -0.0959306
 0.3413476    -0.0955516
 0.3678229    -0.0947152
 0.3948782    -0.0934388
 0.4224571    -0.0917423
 0.4505011    -0.0896474
 0.4789491    -0.0871776
 0.5077378    -0.0843575
 0.5368005    -0.0812126
 0.5660677    -0.0777691
 0.5954661    -0.0740536
 0.6249182    -0.0700928
 0.6543419    -0.0659135
 0.6836500    -0.0615429
 0.7127487    -0.0570082
 0.7415373    -0.0523375
 0.7699063    -0.0475600
 0.7977362    -0.0427066
 0.8248944    -0.0378113
 0.8512328    -0.0329122
 0.8765830    -0.0280528
 0.9007495    -0.0232852
 0.9234998    -0.0186721
 0.9445469    -0.0142925
 0.9635184    -0.0102491
 0.9798895    -0.0066842
 0.9928006    -0.0038214
 1.0000000    -0.0022050
