NACA 6122
 1.0000000     0.0023100
 0.9928006     0.0051098
 0.9798895     0.0100710
 0.9635184     0.0162532
 0.9445469     0.0232688
 0.9234998     0.0308693
 0.9007495     0.0388740
 0.8765830     0.0471423
 0.8512328     0.0555608
 0.8248944     0.0640357
 0.7977362     0.0724877
 0.7699063     0.0808485
 0.7415373     0.0890587
 0.7127487     0.0970652
 0.6836500     0.1048202
 0.6543419     0.1122804
 0.6249182     0.1194052
 0.5954661     0.1261573
 0.5660677     0.1325014
 0.5368005     0.1384043
 0.5077378     0.1438351
 0.4789491     0.1487647
 0.4505011     0.1531663
 0.4224571     0.1570153
 0.3948782     0.1602899
 0.3678229     0.1629710
 0.3413476     0.1650425
 0.3155065     0.1664918
 0.2903524     0.1673099
 0.2659361     0.1674916
 0.2423068     0.1670355
 0.2195125     0.1659443
 0.1975998     0.1642248
 0.1766138     0.1618877
 0.1565988     0.1589474
 0.1375977     0.1554222
 0.1196525     0.1513334
 0.1028043     0.1467054
 0.0870931     0.1405776
 0.0725582     0.1314776
 0.0592379     0.1200150
 0.0471700     0.1068189
 0.0363913     0.0924844
 0.0269381     0.0775662
 0.0188458     0.0625710
 0.0121494     0.0479514
 0.0068832     0.0340989
 0.0030809     0.0213370
 0.0007756     0.0099147
 0.0000000     0.0000000
 0.0007756    -0.0080605
 0.0030809    -0.0140568
 0.0068832    -0.0181478
 0.0121494    -0.0205641
 0.0188458    -0.0216030
 0.0269381    -0.0216227
 0.0363913    -0.0210372
 0.0471700    -0.0203110
 0.0592379    -0.0199536
 0.0725582    -0.0205143
 0.0870931    -0.0225767
 0.1028043    -0.0267066
 0.1196525    -0.0313906
 0.1375977    -0.0356316
 0.1565988    -0.0394220
 0.1766138    -0.0427572
 0.1975998    -0.0456360
 0.2195125    -0.0480604
 0.2423068    -0.0500357
 0.2659361    -0.0515708
 0.2903524    -0.0526780
 0.3155065    -0.0533723
 0.3413476    -0.0536719
 0.3678229    -0.0535975
 0.3948782    -0.0531719
 0.4224571    -0.0524196
 0.4505011    -0.0513664
 0.4789491    -0.0500391
 0.5077378    -0.0484647
 0.5368005    -0.0466702
 0.5660677    -0.0446820
 0.5954661    -0.0425257
 0.6249182    -0.0402258
 0.6543419    -0.0378055
 0.6836500    -0.0352865
 0.7127487    -0.0326890
 0.7415373    -0.0300320
 0.7699063    -0.0273336
 0.7977362    -0.0246115
 0.8248944    -0.0218834
 0.8512328    -0.0191683
 0.8765830    -0.0164877
 0.9007495    -0.0138666
 0.9234998    -0.0113363
 0.9445469    -0.0089368
 0.9635184    -0.0067220
 0.9798895    -0.0047682
 0.9928006    -0.0031976
 1.0000000    -0.0023100
