NACA 5516
 1.0000000     0.0016800
 0.9928006     0.0044504
 0.9798895     0.0093373
 0.9635184     0.0153848
 0.9445469     0.0221867
 0.9234998     0.0294771
 0.9007495     0.0370584
 0.8765830     0.0447752
 0.8512328     0.0525013
 0.8248944     0.0601320
 0.7977362     0.0675794
 0.7699063     0.0747691
 0.7415373     0.0816377
 0.7127487     0.0881309
 0.6836500     0.0942024
 0.6543419     0.0998124
 0.6249182     0.1049267
 0.5954661     0.1095165
 0.5660677     0.1135573
 0.5368005     0.1170290
 0.5077378     0.1199152
 0.4789491     0.1222037
 0.4505011     0.1238855
 0.4224571     0.1249556
 0.3948782     0.1254124
 0.3678229     0.1252580
 0.3413476     0.1244984
 0.3155065     0.1231430
 0.2903524     0.1212052
 0.2659361     0.1187019
 0.2423068     0.1156538
 0.2195125     0.1120852
 0.1975998     0.1080239
 0.1766138     0.1035006
 0.1565988     0.0985494
 0.1375977     0.0932070
 0.1196525     0.0875123
 0.1028043     0.0815060
 0.0870931     0.0752304
 0.0725582     0.0687285
 0.0592379     0.0620434
 0.0471700     0.0552180
 0.0363913     0.0482940
 0.0269381     0.0413112
 0.0188458     0.0343068
 0.0121494     0.0273151
 0.0068832     0.0203659
 0.0030809     0.0134847
 0.0007756     0.0066914
 0.0000000     0.0000000
 0.0007756    -0.0063815
 0.0030809    -0.0122562
 0.0068832    -0.0176316
 0.0121494    -0.0225144
 0.0188458    -0.0269106
 0.0269381    -0.0308262
 0.0363913    -0.0342672
 0.0471700    -0.0372400
 0.0592379    -0.0397519
 0.0725582    -0.0418111
 0.0870931    -0.0434273
 0.1028043    -0.0446118
 0.1196525    -0.0453780
 0.1375977    -0.0457412
 0.1565988    -0.0457192
 0.1766138    -0.0453320
 0.1975998    -0.0446022
 0.2195125    -0.0435545
 0.2423068    -0.0422161
 0.2659361    -0.0406163
 0.2903524    -0.0387860
 0.3155065    -0.0367581
 0.3413476    -0.0345666
 0.3678229    -0.0322463
 0.3948782    -0.0298326
 0.4224571    -0.0273607
 0.4505011    -0.0248656
 0.4789491    -0.0223809
 0.5077378    -0.0199392
 0.5368005    -0.0175707
 0.5660677    -0.0153033
 0.5954661    -0.0131620
 0.6249182    -0.0111686
 0.6543419    -0.0093410
 0.6836500    -0.0076934
 0.7127487    -0.0062357
 0.7415373    -0.0049738
 0.7699063    -0.0039089
 0.7977362    -0.0030381
 0.8248944    -0.0023546
 0.8512328    -0.0018471
 0.8765830    -0.0015011
 0.9007495    -0.0012984
 0.9234998    -0.0012179
 0.9445469    -0.0012355
 0.9635184    -0.0013245
 0.9798895    -0.0014549
 0.9928006    -0.0015914
 1.0000000    -0.0016800
