NACA 2513
 1.0000000     0.0013650
 0.9928006     0.0030263
 0.9798895     0.0059608
 0.9635184     0.0096002
 0.9445469     0.0137055
 0.9234998     0.0181217
 0.9007495     0.0227344
 0.8765830     0.0274546
 0.8512328     0.0322099
 0.8248944     0.0369407
 0.7977362     0.0415966
 0.7699063     0.0461350
 0.7415373     0.0505187
 0.7127487     0.0547155
 0.6836500     0.0586970
 0.6543419     0.0624378
 0.6249182     0.0659154
 0.5954661     0.0691091
 0.5660677     0.0720004
 0.5368005     0.0745728
 0.5077378     0.0768111
 0.4789491     0.0787021
 0.4505011     0.0802341
 0.4224571     0.0813975
 0.3948782     0.0821842
 0.3678229     0.0825885
 0.3413476     0.0826065
 0.3155065     0.0822368
 0.2903524     0.0814803
 0.2659361     0.0803401
 0.2423068     0.0788222
 0.2195125     0.0769348
 0.1975998     0.0746887
 0.1766138     0.0720970
 0.1565988     0.0691752
 0.1375977     0.0659409
 0.1196525     0.0624135
 0.1028043     0.0586142
 0.0870931     0.0545653
 0.0725582     0.0502902
 0.0592379     0.0458127
 0.0471700     0.0411567
 0.0363913     0.0363458
 0.0269381     0.0314028
 0.0188458     0.0263488
 0.0121494     0.0212034
 0.0068832     0.0159834
 0.0030809     0.0107030
 0.0007756     0.0053729
 0.0000000     0.0000000
 0.0007756    -0.0052489
 0.0030809    -0.0102115
 0.0068832    -0.0148896
 0.0121494    -0.0192831
 0.0188458    -0.0233903
 0.0269381    -0.0272088
 0.0363913    -0.0307351
 0.0471700    -0.0339655
 0.0592379    -0.0368960
 0.0725582    -0.0395232
 0.0870931    -0.0418440
 0.1028043    -0.0438565
 0.1196525    -0.0455598
 0.1375977    -0.0469545
 0.1565988    -0.0480431
 0.1766138    -0.0488296
 0.1975998    -0.0493200
 0.2195125    -0.0495225
 0.2423068    -0.0494471
 0.2659361    -0.0491059
 0.2903524    -0.0485126
 0.3155065    -0.0476829
 0.3413476    -0.0466338
 0.3678229    -0.0453838
 0.3948782    -0.0439523
 0.4224571    -0.0423595
 0.4505011    -0.0406261
 0.4789491    -0.0387730
 0.5077378    -0.0368207
 0.5368005    -0.0347894
 0.5660677    -0.0326988
 0.5954661    -0.0305673
 0.6249182    -0.0284121
 0.6543419    -0.0262493
 0.6836500    -0.0240934
 0.7127487    -0.0219574
 0.7415373    -0.0198531
 0.7699063    -0.0177909
 0.7977362    -0.0157801
 0.8248944    -0.0138297
 0.8512328    -0.0119482
 0.8765830    -0.0101449
 0.9007495    -0.0084305
 0.9234998    -0.0068180
 0.9445469    -0.0053251
 0.9635184    -0.0039761
 0.9798895    -0.0028078
 0.9928006    -0.0018827
 1.0000000    -0.0013650
