NACA 3824
 1.0000000     0.0025200
 0.9928006     0.0066523
 0.9798895     0.0138239
 0.9635184     0.0224782
 0.9445469     0.0318963
 0.9234998     0.0415821
 0.9007495     0.0511548
 0.8765830     0.0603085
 0.8512328     0.0687927
 0.8248944     0.0764002
 0.7977362     0.0829629
 0.7699063     0.0889660
 0.7415373     0.0947983
 0.7127487     0.1004181
 0.6836500     0.1057873
 0.6543419     0.1108705
 0.6249182     0.1156346
 0.5954661     0.1200479
 0.5660677     0.1240802
 0.5368005     0.1277025
 0.5077378     0.1308869
 0.4789491     0.1336069
 0.4505011     0.1358375
 0.4224571     0.1375557
 0.3948782     0.1387404
 0.3678229     0.1393731
 0.3413476     0.1394380
 0.3155065     0.1389227
 0.2903524     0.1378181
 0.2659361     0.1361187
 0.2423068     0.1338233
 0.2195125     0.1309346
 0.1975998     0.1274593
 0.1766138     0.1234084
 0.1565988     0.1187969
 0.1375977     0.1136435
 0.1196525     0.1079705
 0.1028043     0.1018033
 0.0870931     0.0951697
 0.0725582     0.0880998
 0.0592379     0.0806248
 0.0471700     0.0727770
 0.0363913     0.0645882
 0.0269381     0.0560893
 0.0188458     0.0473099
 0.0121494     0.0382764
 0.0068832     0.0290122
 0.0030809     0.0195363
 0.0007756     0.0098628
 0.0000000     0.0000000
 0.0007756    -0.0097465
 0.0030809    -0.0190751
 0.0068832    -0.0279841
 0.0121494    -0.0364678
 0.0188458    -0.0445163
 0.0269381    -0.0521167
 0.0363913    -0.0592536
 0.0471700    -0.0659101
 0.0592379    -0.0720681
 0.0725582    -0.0777096
 0.0870931    -0.0828168
 0.1028043    -0.0873734
 0.1196525    -0.0913648
 0.1375977    -0.0947788
 0.1565988    -0.0976061
 0.1766138    -0.0998406
 0.1975998    -0.1014798
 0.2195125    -0.1025251
 0.2423068    -0.1029816
 0.2659361    -0.1028585
 0.2903524    -0.1021687
 0.3155065    -0.1009290
 0.3413476    -0.0991595
 0.3678229    -0.0968834
 0.3948782    -0.0941270
 0.4224571    -0.0909187
 0.4505011    -0.0872891
 0.4789491    -0.0832700
 0.5077378    -0.0788948
 0.5368005    -0.0741970
 0.5660677    -0.0692107
 0.5954661    -0.0639699
 0.6249182    -0.0585084
 0.6543419    -0.0528595
 0.6836500    -0.0470564
 0.7127487    -0.0411318
 0.7415373    -0.0351188
 0.7699063    -0.0290509
 0.7977362    -0.0229634
 0.8248944    -0.0173298
 0.8512328    -0.0127300
 0.8765830    -0.0091060
 0.9007495    -0.0063805
 0.9234998    -0.0044604
 0.9445469    -0.0032371
 0.9635184    -0.0025857
 0.9798895    -0.0023643
 0.9928006    -0.0024104
 1.0000000    -0.0025200
