NACA 5313
 1.0000000     0.0013650
 0.9928006     0.0034777
 0.9798895     0.0072160
 0.9635184     0.0118640
 0.9445469     0.0171234
 0.9234998     0.0228013
 0.9007495     0.0287559
 0.8765830     0.0348765
 0.8512328     0.0410732
 0.8248944     0.0472715
 0.7977362     0.0534087
 0.7699063     0.0594311
 0.7415373     0.0652925
 0.7127487     0.0709526
 0.6836500     0.0763761
 0.6543419     0.0815315
 0.6249182     0.0863911
 0.5954661     0.0909300
 0.5660677     0.0951259
 0.5368005     0.0989592
 0.5077378     0.1024123
 0.4789491     0.1054699
 0.4505011     0.1081188
 0.4224571     0.1103483
 0.3948782     0.1121497
 0.3678229     0.1135168
 0.3413476     0.1144457
 0.3155065     0.1149353
 0.2903524     0.1149447
 0.2659361     0.1140784
 0.2423068     0.1122855
 0.2195125     0.1096296
 0.1975998     0.1061789
 0.1766138     0.1020054
 0.1565988     0.0971847
 0.1375977     0.0917952
 0.1196525     0.0859171
 0.1028043     0.0796319
 0.0870931     0.0730217
 0.0725582     0.0661679
 0.0592379     0.0591508
 0.0471700     0.0520483
 0.0363913     0.0449352
 0.0269381     0.0378820
 0.0188458     0.0309542
 0.0121494     0.0242110
 0.0068832     0.0177046
 0.0030809     0.0114789
 0.0007756     0.0055691
 0.0000000     0.0000000
 0.0007756    -0.0050527
 0.0030809    -0.0094356
 0.0068832    -0.0131684
 0.0121494    -0.0162754
 0.0188458    -0.0187850
 0.0269381    -0.0207296
 0.0363913    -0.0221458
 0.0471700    -0.0230739
 0.0592379    -0.0235579
 0.0725582    -0.0236455
 0.0870931    -0.0233877
 0.1028043    -0.0228388
 0.1196525    -0.0220562
 0.1375977    -0.0211002
 0.1565988    -0.0200335
 0.1766138    -0.0189211
 0.1975998    -0.0178298
 0.2195125    -0.0168277
 0.2423068    -0.0159838
 0.2659361    -0.0153676
 0.2903524    -0.0150481
 0.3155065    -0.0149844
 0.3413476    -0.0147946
 0.3678229    -0.0144555
 0.3948782    -0.0139868
 0.4224571    -0.0134087
 0.4505011    -0.0127414
 0.4789491    -0.0120051
 0.5077378    -0.0112194
 0.5368005    -0.0104030
 0.5660677    -0.0095733
 0.5954661    -0.0087463
 0.6249182    -0.0079364
 0.6543419    -0.0071556
 0.6836500    -0.0064143
 0.7127487    -0.0057203
 0.7415373    -0.0050793
 0.7699063    -0.0044947
 0.7977362    -0.0039681
 0.8248944    -0.0034989
 0.8512328    -0.0030849
 0.8765830    -0.0027230
 0.9007495    -0.0024090
 0.9234998    -0.0021384
 0.9445469    -0.0019072
 0.9635184    -0.0017123
 0.9798895    -0.0015527
 0.9928006    -0.0014313
 1.0000000    -0.0013650
