NACA 2520
 1.0000000     0.0021000
 0.9928006     0.0043479
 0.9798895     0.0083216
 0.9635184     0.0132553
 0.9445469     0.0188292
 0.9234998     0.0248362
 0.9007495     0.0311250
 0.8765830     0.0375775
 0.8512328     0.0440986
 0.8248944     0.0506096
 0.7977362     0.0570442
 0.7699063     0.0633458
 0.7415373     0.0694649
 0.7127487     0.0753582
 0.6836500     0.0809867
 0.6543419     0.0863151
 0.6249182     0.0913112
 0.5954661     0.0959450
 0.5660677     0.1001887
 0.5368005     0.1040164
 0.5077378     0.1074042
 0.4789491     0.1103299
 0.4505011     0.1127734
 0.4224571     0.1147166
 0.3948782     0.1161440
 0.3678229     0.1170425
 0.3413476     0.1174020
 0.3155065     0.1172152
 0.2903524     0.1164783
 0.2659361     0.1151910
 0.2423068     0.1133563
 0.2195125     0.1109810
 0.1975998     0.1080756
 0.1766138     0.1046541
 0.1565988     0.1007340
 0.1375977     0.0963358
 0.1196525     0.0914833
 0.1028043     0.0862025
 0.0870931     0.0805217
 0.0725582     0.0744707
 0.0592379     0.0680804
 0.0471700     0.0613819
 0.0363913     0.0544061
 0.0269381     0.0471828
 0.0188458     0.0397401
 0.0121494     0.0321036
 0.0068832     0.0242953
 0.0030809     0.0163338
 0.0007756     0.0082326
 0.0000000     0.0000000
 0.0007756    -0.0081086
 0.0030809    -0.0158424
 0.0068832    -0.0232016
 0.0121494    -0.0301833
 0.0188458    -0.0367816
 0.0269381    -0.0429888
 0.0363913    -0.0487954
 0.0471700    -0.0541907
 0.0592379    -0.0591638
 0.0725582    -0.0637037
 0.0870931    -0.0678004
 0.1028043    -0.0714448
 0.1196525    -0.0746295
 0.1375977    -0.0773495
 0.1565988    -0.0796019
 0.1766138    -0.0813867
 0.1975998    -0.0827070
 0.2195125    -0.0835687
 0.2423068    -0.0839812
 0.2659361    -0.0839567
 0.2903524    -0.0835107
 0.3155065    -0.0826612
 0.3413476    -0.0814293
 0.3678229    -0.0798379
 0.3948782    -0.0779121
 0.4224571    -0.0756787
 0.4505011    -0.0731654
 0.4789491    -0.0704008
 0.5077378    -0.0674138
 0.5368005    -0.0642331
 0.5660677    -0.0608871
 0.5954661    -0.0574032
 0.6249182    -0.0538079
 0.6543419    -0.0501266
 0.6836500    -0.0463831
 0.7127487    -0.0426001
 0.7415373    -0.0387994
 0.7699063    -0.0350017
 0.7977362    -0.0312277
 0.8248944    -0.0274986
 0.8512328    -0.0238370
 0.8765830    -0.0202679
 0.9007495    -0.0168210
 0.9234998    -0.0135325
 0.9445469    -0.0104487
 0.9635184    -0.0076312
 0.9798895    -0.0051686
 0.9928006    -0.0032043
 1.0000000    -0.0021000
