NACA 3415
 1.0000000     0.0015750
 0.9928006     0.0035477
 0.9798895     0.0070362
 0.9635184     0.0113697
 0.9445469     0.0162682
 0.9234998     0.0215506
 0.9007495     0.0270839
 0.8765830     0.0327644
 0.8512328     0.0385083
 0.8248944     0.0442460
 0.7977362     0.0499191
 0.7699063     0.0554777
 0.7415373     0.0608785
 0.7127487     0.0660834
 0.6836500     0.0710589
 0.6543419     0.0757748
 0.6249182     0.0802040
 0.5954661     0.0843216
 0.5660677     0.0881052
 0.5368005     0.0915341
 0.5077378     0.0945895
 0.4789491     0.0972546
 0.4505011     0.0995145
 0.4224571     0.1013562
 0.3948782     0.1027661
 0.3678229     0.1036360
 0.3413476     0.1039167
 0.3155065     0.1036151
 0.2903524     0.1027416
 0.2659361     0.1013104
 0.2423068     0.0993390
 0.2195125     0.0968482
 0.1975998     0.0938624
 0.1766138     0.0904088
 0.1565988     0.0865177
 0.1375977     0.0822217
 0.1196525     0.0775558
 0.1028043     0.0725567
 0.0870931     0.0672625
 0.0725582     0.0617120
 0.0592379     0.0559443
 0.0471700     0.0499980
 0.0363913     0.0439109
 0.0269381     0.0377190
 0.0188458     0.0314559
 0.0121494     0.0251523
 0.0068832     0.0188350
 0.0030809     0.0125264
 0.0007756     0.0062441
 0.0000000     0.0000000
 0.0007756    -0.0060117
 0.0030809    -0.0116057
 0.0068832    -0.0167878
 0.0121494    -0.0215628
 0.0188458    -0.0259354
 0.0269381    -0.0299097
 0.0363913    -0.0334902
 0.0471700    -0.0366814
 0.0592379    -0.0394888
 0.0725582    -0.0419188
 0.0870931    -0.0439790
 0.1028043    -0.0456787
 0.1196525    -0.0470288
 0.1375977    -0.0480423
 0.1565988    -0.0487342
 0.1766138    -0.0491218
 0.1975998    -0.0492246
 0.2195125    -0.0490641
 0.2423068    -0.0486641
 0.2659361    -0.0480504
 0.2903524    -0.0472501
 0.3155065    -0.0462923
 0.3413476    -0.0452067
 0.3678229    -0.0440243
 0.3948782    -0.0427760
 0.4224571    -0.0414403
 0.4505011    -0.0399396
 0.4789491    -0.0382935
 0.5077378    -0.0365241
 0.5368005    -0.0346531
 0.5660677    -0.0327016
 0.5954661    -0.0306895
 0.6249182    -0.0286354
 0.6543419    -0.0265565
 0.6836500    -0.0244684
 0.7127487    -0.0223853
 0.7415373    -0.0203197
 0.7699063    -0.0182828
 0.7977362    -0.0162848
 0.8248944    -0.0143352
 0.8512328    -0.0124434
 0.8765830    -0.0106196
 0.9007495    -0.0088756
 0.9234998    -0.0072259
 0.9445469    -0.0056901
 0.9635184    -0.0042952
 0.9798895    -0.0030815
 0.9928006    -0.0021165
 1.0000000    -0.0015750
