NACA 4624
 1.0000000     0.0025200
 0.9928006     0.0059582
 0.9798895     0.0120151
 0.9635184     0.0194955
 0.9445469     0.0278886
 0.9234998     0.0368582
 0.9007495     0.0461550
 0.8765830     0.0555827
 0.8512328     0.0649819
 0.8248944     0.0742206
 0.7977362     0.0831883
 0.7699063     0.0917914
 0.7415373     0.0999504
 0.7127487     0.1075969
 0.6836500     0.1146725
 0.6543419     0.1211268
 0.6249182     0.1269163
 0.5954661     0.1320066
 0.5660677     0.1365175
 0.5368005     0.1405059
 0.5077378     0.1439450
 0.4789491     0.1468103
 0.4505011     0.1490800
 0.4224571     0.1507348
 0.3948782     0.1517587
 0.3678229     0.1521387
 0.3413476     0.1518653
 0.3155065     0.1509329
 0.2903524     0.1493399
 0.2659361     0.1470888
 0.2423068     0.1441864
 0.2195125     0.1406442
 0.1975998     0.1364778
 0.1766138     0.1317072
 0.1565988     0.1263565
 0.1375977     0.1204538
 0.1196525     0.1140306
 0.1028043     0.1071213
 0.0870931     0.0997629
 0.0725582     0.0919941
 0.0592379     0.0838550
 0.0471700     0.0753857
 0.0363913     0.0666259
 0.0269381     0.0576141
 0.0188458     0.0483864
 0.0121494     0.0389756
 0.0068832     0.0294107
 0.0030809     0.0197154
 0.0007756     0.0099080
 0.0000000     0.0000000
 0.0007756    -0.0097013
 0.0030809    -0.0188960
 0.0068832    -0.0275857
 0.0121494    -0.0357686
 0.0188458    -0.0434398
 0.0269381    -0.0505919
 0.0363913    -0.0572159
 0.0471700    -0.0633014
 0.0592379    -0.0688380
 0.0725582    -0.0738152
 0.0870931    -0.0782236
 0.1028043    -0.0820554
 0.1196525    -0.0853048
 0.1375977    -0.0879685
 0.1565988    -0.0900464
 0.1766138    -0.0915418
 0.1975998    -0.0924613
 0.2195125    -0.0928155
 0.2423068    -0.0926185
 0.2659361    -0.0918885
 0.2903524    -0.0906469
 0.3155065    -0.0889188
 0.3413476    -0.0867322
 0.3678229    -0.0841178
 0.3948782    -0.0811087
 0.4224571    -0.0777396
 0.4505011    -0.0740466
 0.4789491    -0.0700666
 0.5077378    -0.0658366
 0.5368005    -0.0613935
 0.5660677    -0.0567734
 0.5954661    -0.0520112
 0.6249182    -0.0472267
 0.6543419    -0.0426033
 0.6836500    -0.0381712
 0.7127487    -0.0339531
 0.7415373    -0.0299668
 0.7699063    -0.0262255
 0.7977362    -0.0227381
 0.8248944    -0.0195093
 0.8512328    -0.0165408
 0.8765830    -0.0138318
 0.9007495    -0.0113802
 0.9234998    -0.0091843
 0.9445469    -0.0072448
 0.9635184    -0.0055684
 0.9798895    -0.0041731
 0.9928006    -0.0031044
 1.0000000    -0.0025200
