NACA 1618
 1.0000000     0.0018900
 0.9928006     0.0037552
 0.9798895     0.0070508
 0.9635184     0.0111399
 0.9445469     0.0157555
 0.9234998     0.0207252
 0.9007495     0.0259226
 0.8765830     0.0312493
 0.8512328     0.0366261
 0.8248944     0.0419876
 0.7977362     0.0472787
 0.7699063     0.0524521
 0.7415373     0.0574669
 0.7127487     0.0622867
 0.6836500     0.0668791
 0.6543419     0.0712142
 0.6249182     0.0752648
 0.5954661     0.0790061
 0.5660677     0.0824521
 0.5368005     0.0856014
 0.5077378     0.0884317
 0.4789491     0.0909218
 0.4505011     0.0930516
 0.4224571     0.0948023
 0.3948782     0.0961565
 0.3678229     0.0970988
 0.3413476     0.0976157
 0.3155065     0.0976962
 0.2903524     0.0973317
 0.2659361     0.0965165
 0.2423068     0.0952478
 0.2195125     0.0935260
 0.1975998     0.0913542
 0.1766138     0.0887390
 0.1565988     0.0856899
 0.1375977     0.0822190
 0.1196525     0.0783415
 0.1028043     0.0740745
 0.0870931     0.0694373
 0.0725582     0.0644509
 0.0592379     0.0591370
 0.0471700     0.0535182
 0.0363913     0.0476169
 0.0269381     0.0414550
 0.0188458     0.0350531
 0.0121494     0.0284299
 0.0068832     0.0216017
 0.0030809     0.0145817
 0.0007756     0.0073793
 0.0000000     0.0000000
 0.0007756    -0.0073277
 0.0030809    -0.0143768
 0.0068832    -0.0211455
 0.0121494    -0.0276282
 0.0188458    -0.0338165
 0.0269381    -0.0396995
 0.0363913    -0.0452644
 0.0471700    -0.0504971
 0.0592379    -0.0553828
 0.0725582    -0.0599061
 0.0870931    -0.0640525
 0.1028043    -0.0678080
 0.1196525    -0.0711600
 0.1375977    -0.0740977
 0.1565988    -0.0766124
 0.1766138    -0.0786977
 0.1975998    -0.0803501
 0.2195125    -0.0815688
 0.2423068    -0.0823559
 0.2659361    -0.0827164
 0.2903524    -0.0826584
 0.3155065    -0.0821926
 0.3413476    -0.0813324
 0.3678229    -0.0800936
 0.3948782    -0.0784940
 0.4224571    -0.0765535
 0.4505011    -0.0742933
 0.4789491    -0.0717359
 0.5077378    -0.0689046
 0.5368005    -0.0658232
 0.5660677    -0.0625161
 0.5954661    -0.0590072
 0.6249182    -0.0553424
 0.6543419    -0.0515833
 0.6836500    -0.0477537
 0.7127487    -0.0438758
 0.7415373    -0.0399710
 0.7699063    -0.0360606
 0.7977362    -0.0321661
 0.8248944    -0.0283098
 0.8512328    -0.0245159
 0.8765830    -0.0208116
 0.9007495    -0.0172288
 0.9234998    -0.0138067
 0.9445469    -0.0105946
 0.9635184    -0.0076581
 0.9798895    -0.0050903
 0.9928006    -0.0030418
 1.0000000    -0.0018900
