NACA 3516
 1.0000000     0.0016800
 0.9928006     0.0038786
 0.9798895     0.0077608
 0.9635184     0.0125727
 0.9445469     0.0179965
 0.9234998     0.0238252
 0.9007495     0.0299064
 0.8765830     0.0361204
 0.8512328     0.0423705
 0.8248944     0.0485765
 0.7977362     0.0546712
 0.7699063     0.0605970
 0.7415373     0.0663049
 0.7127487     0.0717519
 0.6836500     0.0769006
 0.6543419     0.0817181
 0.6249182     0.0861751
 0.5954661     0.0902456
 0.5660677     0.0939065
 0.5368005     0.0971373
 0.5077378     0.0999200
 0.4789491     0.1022391
 0.4505011     0.1040815
 0.4224571     0.1054366
 0.3948782     0.1062964
 0.3678229     0.1066557
 0.3413476     0.1065120
 0.3155065     0.1058660
 0.2903524     0.1047213
 0.2659361     0.1030848
 0.2423068     0.1009663
 0.2195125     0.0983791
 0.1975998     0.0953395
 0.1766138     0.0918669
 0.1565988     0.0879834
 0.1375977     0.0837139
 0.1196525     0.0790854
 0.1028043     0.0741272
 0.0870931     0.0688698
 0.0725582     0.0633450
 0.0592379     0.0575851
 0.0471700     0.0516224
 0.0363913     0.0454886
 0.0269381     0.0392142
 0.0188458     0.0328276
 0.0121494     0.0263549
 0.0068832     0.0198191
 0.0030809     0.0132390
 0.0007756     0.0066295
 0.0000000     0.0000000
 0.0007756    -0.0064435
 0.0030809    -0.0125019
 0.0068832    -0.0181785
 0.0121494    -0.0234745
 0.0188458    -0.0283898
 0.0269381    -0.0329232
 0.0363913    -0.0370726
 0.0471700    -0.0408356
 0.0592379    -0.0442102
 0.0725582    -0.0471946
 0.0870931    -0.0497879
 0.1028043    -0.0519906
 0.1196525    -0.0538048
 0.1375977    -0.0552344
 0.1565988    -0.0562853
 0.1766138    -0.0569658
 0.1975998    -0.0572865
 0.2195125    -0.0572607
 0.2423068    -0.0569037
 0.2659361    -0.0562334
 0.2903524    -0.0552699
 0.3155065    -0.0540351
 0.3413476    -0.0525530
 0.3678229    -0.0508487
 0.3948782    -0.0489485
 0.4224571    -0.0468797
 0.4505011    -0.0446696
 0.4789491    -0.0423455
 0.5077378    -0.0399344
 0.5368005    -0.0374623
 0.5660677    -0.0349541
 0.5954661    -0.0324329
 0.6249182    -0.0299202
 0.6543419    -0.0274353
 0.6836500    -0.0249952
 0.7127487    -0.0226148
 0.7415373    -0.0203065
 0.7699063    -0.0180809
 0.7977362    -0.0159464
 0.8248944    -0.0139101
 0.8512328    -0.0119780
 0.8765830    -0.0101559
 0.9007495    -0.0084504
 0.9234998    -0.0068697
 0.9445469    -0.0054258
 0.9635184    -0.0041366
 0.9798895    -0.0030313
 0.9928006    -0.0021632
 1.0000000    -0.0016800
