NACA 4818
 1.0000000     0.0018900
 0.9928006     0.0062264
 0.9798895     0.0137103
 0.9635184     0.0226607
 0.9445469     0.0322812
 0.9234998     0.0420137
 0.9007495     0.0514252
 0.8765830     0.0601655
 0.8512328     0.0679462
 0.8248944     0.0745290
 0.7977362     0.0797221
 0.7699063     0.0841997
 0.7415373     0.0885053
 0.7127487     0.0926054
 0.6836500     0.0964703
 0.6543419     0.1000728
 0.6249182     0.1033878
 0.5954661     0.1063920
 0.5660677     0.1090638
 0.5368005     0.1113827
 0.5077378     0.1133295
 0.4789491     0.1148867
 0.4505011     0.1160381
 0.4224571     0.1167692
 0.3948782     0.1170676
 0.3678229     0.1169226
 0.3413476     0.1163264
 0.3155065     0.1152735
 0.2903524     0.1137613
 0.2659361     0.1117899
 0.2423068     0.1093630
 0.2195125     0.1064870
 0.1975998     0.1031718
 0.1766138     0.0994302
 0.1565988     0.0952783
 0.1375977     0.0907348
 0.1196525     0.0858212
 0.1028043     0.0805611
 0.0870931     0.0749802
 0.0725582     0.0691053
 0.0592379     0.0629643
 0.0471700     0.0565856
 0.0363913     0.0499970
 0.0269381     0.0432257
 0.0188458     0.0362972
 0.0121494     0.0292348
 0.0068832     0.0220590
 0.0030809     0.0147868
 0.0007756     0.0074310
 0.0000000     0.0000000
 0.0007756    -0.0072760
 0.0030809    -0.0141718
 0.0068832    -0.0206883
 0.0121494    -0.0268233
 0.0188458    -0.0325724
 0.0269381    -0.0379288
 0.0363913    -0.0428843
 0.0471700    -0.0474297
 0.0592379    -0.0515554
 0.0725582    -0.0552517
 0.0870931    -0.0585097
 0.1028043    -0.0613214
 0.1196525    -0.0636803
 0.1375977    -0.0655819
 0.1565988    -0.0670239
 0.1766138    -0.0680065
 0.1975998    -0.0685325
 0.2195125    -0.0686077
 0.2423068    -0.0682407
 0.2659361    -0.0674430
 0.2903524    -0.0662288
 0.3155065    -0.0646153
 0.3413476    -0.0626217
 0.3678229    -0.0602698
 0.3948782    -0.0575830
 0.4224571    -0.0545866
 0.4505011    -0.0513068
 0.4789491    -0.0477710
 0.5077378    -0.0440067
 0.5368005    -0.0400419
 0.5660677    -0.0359044
 0.5954661    -0.0316213
 0.6249182    -0.0272195
 0.6543419    -0.0227248
 0.6836500    -0.0181625
 0.7127487    -0.0135570
 0.7415373    -0.0089325
 0.7699063    -0.0043129
 0.7977362     0.0002773
 0.8248944     0.0042316
 0.8512328     0.0068042
 0.8765830     0.0081046
 0.9007495     0.0082738
 0.9234998     0.0074819
 0.9445469     0.0059312
 0.9635184     0.0038628
 0.9798895     0.0015692
 0.9928006    -0.0005706
 1.0000000    -0.0018900
