NACA 4414
 1.0000000     0.0014700
 0.9928006     0.0035974
 0.9798895     0.0073580
 0.9635184     0.0120266
 0.9445469     0.0172993
 0.9234998     0.0229788
 0.9007495     0.0289200
 0.8765830     0.0350091
 0.8512328     0.0411540
 0.8248944     0.0472784
 0.7977362     0.0533181
 0.7699063     0.0592182
 0.7415373     0.0649316
 0.7127487     0.0704174
 0.6836500     0.0756397
 0.6543419     0.0805668
 0.6249182     0.0851708
 0.5954661     0.0894266
 0.5660677     0.0933122
 0.5368005     0.0968080
 0.5077378     0.0998966
 0.4789491     0.1025632
 0.4505011     0.1047952
 0.4224571     0.1065823
 0.3948782     0.1079131
 0.3678229     0.1086493
 0.3413476     0.1087309
 0.3155065     0.1081720
 0.2903524     0.1069905
 0.2659361     0.1052084
 0.2423068     0.1028513
 0.2195125     0.0999485
 0.1975998     0.0965324
 0.1766138     0.0926389
 0.1565988     0.0883065
 0.1375977     0.0835761
 0.1196525     0.0784908
 0.1028043     0.0730952
 0.0870931     0.0674350
 0.0725582     0.0615565
 0.0592379     0.0555058
 0.0471700     0.0493282
 0.0363913     0.0430677
 0.0269381     0.0367663
 0.0188458     0.0304630
 0.0121494     0.0241934
 0.0068832     0.0179887
 0.0030809     0.0118755
 0.0007756     0.0058744
 0.0000000     0.0000000
 0.0007756    -0.0055644
 0.0030809    -0.0106479
 0.0068832    -0.0152591
 0.0121494    -0.0194074
 0.0188458    -0.0231023
 0.0269381    -0.0263539
 0.0363913    -0.0291733
 0.0471700    -0.0315727
 0.0592379    -0.0335652
 0.0725582    -0.0351656
 0.0870931    -0.0363904
 0.1028043    -0.0372579
 0.1196525    -0.0377882
 0.1375977    -0.0380036
 0.1565988    -0.0379286
 0.1766138    -0.0375896
 0.1975998    -0.0370154
 0.2195125    -0.0362363
 0.2423068    -0.0352849
 0.2659361    -0.0341950
 0.2903524    -0.0330018
 0.3155065    -0.0317415
 0.3413476    -0.0304510
 0.3678229    -0.0291670
 0.3948782    -0.0279262
 0.4224571    -0.0266944
 0.4505011    -0.0253620
 0.4789491    -0.0239483
 0.5077378    -0.0224760
 0.5368005    -0.0209667
 0.5660677    -0.0194408
 0.5954661    -0.0179171
 0.6249182    -0.0164126
 0.6543419    -0.0149424
 0.6836500    -0.0135191
 0.7127487    -0.0121534
 0.7415373    -0.0108533
 0.7699063    -0.0096250
 0.7977362    -0.0084723
 0.8248944    -0.0073974
 0.8512328    -0.0064009
 0.8765830    -0.0054827
 0.9007495    -0.0046422
 0.9234998    -0.0038793
 0.9445469    -0.0031952
 0.9635184    -0.0025940
 0.9798895    -0.0020851
 0.9928006    -0.0016891
 1.0000000    -0.0014700
