NACA 1524
 1.0000000     0.0025200
 0.9928006     0.0048172
 0.9798895     0.0088824
 0.9635184     0.0139380
 0.9445469     0.0196618
 0.9234998     0.0258472
 0.9007495     0.0323436
 0.8765830     0.0390347
 0.8512328     0.0458268
 0.8248944     0.0526427
 0.7977362     0.0594173
 0.7699063     0.0660945
 0.7415373     0.0726250
 0.7127487     0.0789645
 0.6836500     0.0850728
 0.6543419     0.0909122
 0.6249182     0.0964473
 0.5954661     0.1016443
 0.5660677     0.1064709
 0.5368005     0.1108956
 0.5077378     0.1148884
 0.4789491     0.1184207
 0.4505011     0.1214653
 0.4224571     0.1239967
 0.3948782     0.1259917
 0.3678229     0.1274294
 0.3413476     0.1282919
 0.3155065     0.1285644
 0.2903524     0.1282353
 0.2659361     0.1272972
 0.2423068     0.1257463
 0.2195125     0.1235829
 0.1975998     0.1208117
 0.1766138     0.1174413
 0.1565988     0.1134845
 0.1375977     0.1089577
 0.1196525     0.1038811
 0.1028043     0.0982778
 0.0870931     0.0921736
 0.0725582     0.0855964
 0.0592379     0.0785756
 0.0471700     0.0711414
 0.0363913     0.0633236
 0.0269381     0.0551515
 0.0188458     0.0466527
 0.0121494     0.0378522
 0.0068832     0.0287716
 0.0030809     0.0194286
 0.0007756     0.0098357
 0.0000000     0.0000000
 0.0007756    -0.0097737
 0.0030809    -0.0191828
 0.0068832    -0.0282247
 0.0121494    -0.0368920
 0.0188458    -0.0451734
 0.0269381    -0.0530545
 0.0363913    -0.0605182
 0.0471700    -0.0675458
 0.0592379    -0.0741173
 0.0725582    -0.0802129
 0.0870931    -0.0858129
 0.1028043    -0.0908989
 0.1196525    -0.0954542
 0.1375977    -0.0994646
 0.1565988    -0.1029185
 0.1766138    -0.1058076
 0.1975998    -0.1081274
 0.2195125    -0.1098768
 0.2423068    -0.1110587
 0.2659361    -0.1116801
 0.2903524    -0.1117515
 0.3155065    -0.1112874
 0.3413476    -0.1103056
 0.3678229    -0.1088271
 0.3948782    -0.1068757
 0.4224571    -0.1044777
 0.4505011    -0.1016613
 0.4789491    -0.0984562
 0.5077378    -0.0948932
 0.5368005    -0.0910039
 0.5660677    -0.0868200
 0.5954661    -0.0823735
 0.6249182    -0.0776957
 0.6543419    -0.0728179
 0.6836500    -0.0677710
 0.7127487    -0.0625855
 0.7415373    -0.0572922
 0.7699063    -0.0519224
 0.7977362    -0.0465090
 0.8248944    -0.0410872
 0.8512328    -0.0356959
 0.8765830    -0.0303798
 0.9007495    -0.0251916
 0.9234998    -0.0201953
 0.9445469    -0.0154716
 0.9635184    -0.0111259
 0.9798895    -0.0073059
 0.9928006    -0.0042454
 1.0000000    -0.0025200
