NACA 1520
 1.0000000     0.0021000
 0.9928006     0.0040620
 0.9798895     0.0075333
 0.9635184     0.0118493
 0.9445469     0.0167340
 0.9234998     0.0220103
 0.9007495     0.0275490
 0.8765830     0.0332501
 0.8512328     0.0390332
 0.8248944     0.0448319
 0.7977362     0.0505901
 0.7699063     0.0562597
 0.7415373     0.0617985
 0.7127487     0.0671687
 0.6836500     0.0723358
 0.6543419     0.0772680
 0.6249182     0.0819354
 0.5954661     0.0863095
 0.5660677     0.0903633
 0.5368005     0.0940706
 0.5077378     0.0974066
 0.4789491     0.1003477
 0.4505011     0.1028714
 0.4224571     0.1049572
 0.3948782     0.1065861
 0.3678229     0.1077414
 0.3413476     0.1084088
 0.3155065     0.1085767
 0.2903524     0.1082364
 0.2659361     0.1073824
 0.2423068     0.1060125
 0.2195125     0.1041279
 0.1975998     0.1017335
 0.1766138     0.0988373
 0.1565988     0.0954509
 0.1375977     0.0915892
 0.1196525     0.0872698
 0.1028043     0.0825130
 0.0870931     0.0773414
 0.0725582     0.0717790
 0.0592379     0.0658512
 0.0471700     0.0595841
 0.0363913     0.0530034
 0.0269381     0.0461343
 0.0188458     0.0390005
 0.0121494     0.0316235
 0.0068832     0.0240219
 0.0030809     0.0162109
 0.0007756     0.0082016
 0.0000000     0.0000000
 0.0007756    -0.0081396
 0.0030809    -0.0159652
 0.0068832    -0.0234750
 0.0121494    -0.0306633
 0.0188458    -0.0375213
 0.0269381    -0.0440373
 0.0363913    -0.0501981
 0.0471700    -0.0559885
 0.0592379    -0.0613929
 0.0725582    -0.0663955
 0.0870931    -0.0709807
 0.1028043    -0.0751342
 0.1196525    -0.0788430
 0.1375977    -0.0820961
 0.1565988    -0.0848849
 0.1766138    -0.0872036
 0.1975998    -0.0890491
 0.2195125    -0.0904218
 0.2423068    -0.0913250
 0.2659361    -0.0917653
 0.2903524    -0.0917526
 0.3155065    -0.0912997
 0.3413476    -0.0904224
 0.3678229    -0.0891390
 0.3948782    -0.0874701
 0.4224571    -0.0854382
 0.4505011    -0.0830674
 0.4789491    -0.0803831
 0.5077378    -0.0774114
 0.5368005    -0.0741789
 0.5660677    -0.0707125
 0.5954661    -0.0670386
 0.6249182    -0.0631838
 0.6543419    -0.0591737
 0.6836500    -0.0550340
 0.7127487    -0.0507896
 0.7415373    -0.0464657
 0.7699063    -0.0420877
 0.7977362    -0.0376819
 0.8248944    -0.0332764
 0.8512328    -0.0289024
 0.8765830    -0.0245953
 0.9007495    -0.0203970
 0.9234998    -0.0163585
 0.9445469    -0.0125438
 0.9635184    -0.0090373
 0.9798895    -0.0059568
 0.9928006    -0.0034902
 1.0000000    -0.0021000
