NACA 2324
 1.0000000     0.0025200
 0.9928006     0.0049406
 0.9798895     0.0092268
 0.9635184     0.0145623
 0.9445469     0.0206099
 0.9234998     0.0271538
 0.9007495     0.0340370
 0.8765830     0.0411379
 0.8512328     0.0483590
 0.8248944     0.0556195
 0.7977362     0.0628513
 0.7699063     0.0699957
 0.7415373     0.0770012
 0.7127487     0.0838215
 0.6836500     0.0904142
 0.6543419     0.0967402
 0.6249182     0.1027624
 0.5954661     0.1084456
 0.5660677     0.1137560
 0.5368005     0.1186610
 0.5077378     0.1231294
 0.4789491     0.1271314
 0.4505011     0.1306388
 0.4224571     0.1336251
 0.3948782     0.1360663
 0.3678229     0.1379405
 0.3413476     0.1392290
 0.3155065     0.1399161
 0.2903524     0.1399727
 0.2659361     0.1392308
 0.2423068     0.1376628
 0.2195125     0.1352902
 0.1975998     0.1321394
 0.1766138     0.1282413
 0.1565988     0.1236317
 0.1375977     0.1183502
 0.1196525     0.1124398
 0.1028043     0.1059470
 0.0870931     0.0989201
 0.0725582     0.0914092
 0.0592379     0.0834651
 0.0471700     0.0751384
 0.0363913     0.0664788
 0.0269381     0.0575335
 0.0188458     0.0483469
 0.0121494     0.0389592
 0.0068832     0.0294054
 0.0030809     0.0197144
 0.0007756     0.0099080
 0.0000000     0.0000000
 0.0007756    -0.0097014
 0.0030809    -0.0188970
 0.0068832    -0.0275909
 0.0121494    -0.0357850
 0.0188458    -0.0434792
 0.0269381    -0.0506725
 0.0363913    -0.0573630
 0.0471700    -0.0635487
 0.0592379    -0.0692279
 0.0725582    -0.0744002
 0.0870931    -0.0790664
 0.1028043    -0.0832297
 0.1196525    -0.0868955
 0.1375977    -0.0900722
 0.1565988    -0.0927712
 0.1766138    -0.0950076
 0.1975998    -0.0967997
 0.2195125    -0.0981694
 0.2423068    -0.0991421
 0.2659361    -0.0997465
 0.2903524    -0.1000141
 0.3155065    -0.0999357
 0.3413476    -0.0993685
 0.3678229    -0.0983160
 0.3948782    -0.0968011
 0.4224571    -0.0948493
 0.4505011    -0.0924878
 0.4789491    -0.0897455
 0.5077378    -0.0866523
 0.5368005    -0.0832385
 0.5660677    -0.0795349
 0.5954661    -0.0755722
 0.6249182    -0.0713805
 0.6543419    -0.0669899
 0.6836500    -0.0624295
 0.7127487    -0.0577285
 0.7415373    -0.0529159
 0.7699063    -0.0480212
 0.7977362    -0.0430751
 0.8248944    -0.0381104
 0.8512328    -0.0331637
 0.8765830    -0.0282766
 0.9007495    -0.0234982
 0.9234998    -0.0188887
 0.9445469    -0.0145235
 0.9635184    -0.0105016
 0.9798895    -0.0069614
 0.9928006    -0.0041221
 1.0000000    -0.0025200
