NACA 4923
 1.0000000     0.0024150
 0.9928006     0.0098947
 0.9798895     0.0222275
 0.9635184     0.0358714
 0.9445469     0.0488970
 0.9234998     0.0598531
 0.9007495     0.0675667
 0.8765830     0.0732340
 0.8512328     0.0789455
 0.8248944     0.0846337
 0.7977362     0.0902399
 0.7699063     0.0957140
 0.7415373     0.1010119
 0.7127487     0.1060945
 0.6836500     0.1109261
 0.6543419     0.1154738
 0.6249182     0.1197067
 0.5954661     0.1235954
 0.5660677     0.1271119
 0.5368005     0.1302292
 0.5077378     0.1329219
 0.4789491     0.1351654
 0.4505011     0.1369371
 0.4224571     0.1382157
 0.3948782     0.1389824
 0.3678229     0.1392204
 0.3413476     0.1389160
 0.3155065     0.1380582
 0.2903524     0.1366396
 0.2659361     0.1346562
 0.2423068     0.1321080
 0.2195125     0.1289988
 0.1975998     0.1253362
 0.1766138     0.1211321
 0.1565988     0.1164020
 0.1375977     0.1111650
 0.1196525     0.1054436
 0.1028043     0.0992634
 0.0870931     0.0926522
 0.0725582     0.0856399
 0.0592379     0.0782577
 0.0471700     0.0705373
 0.0363913     0.0625102
 0.0269381     0.0542074
 0.0188458     0.0456577
 0.0121494     0.0368876
 0.0068832     0.0279202
 0.0030809     0.0187747
 0.0007756     0.0094651
 0.0000000     0.0000000
 0.0007756    -0.0093272
 0.0030809    -0.0182279
 0.0068832    -0.0267012
 0.0121494    -0.0347423
 0.0188458    -0.0423424
 0.0269381    -0.0494901
 0.0363913    -0.0561715
 0.0471700    -0.0623712
 0.0592379    -0.0680731
 0.0725582    -0.0732607
 0.0870931    -0.0779182
 0.1028043    -0.0820309
 0.1196525    -0.0855861
 0.1375977    -0.0885731
 0.1565988    -0.0909842
 0.1766138    -0.0928148
 0.1975998    -0.0940637
 0.2195125    -0.0947334
 0.2423068    -0.0948300
 0.2659361    -0.0943636
 0.2903524    -0.0933478
 0.3155065    -0.0917997
 0.3413476    -0.0897399
 0.3678229    -0.0871920
 0.3948782    -0.0841822
 0.4224571    -0.0807389
 0.4505011    -0.0768926
 0.4789491    -0.0726750
 0.5077378    -0.0681189
 0.5368005    -0.0632578
 0.5660677    -0.0581253
 0.5954661    -0.0527550
 0.6249182    -0.0471803
 0.6543419    -0.0414341
 0.6836500    -0.0355491
 0.7127487    -0.0295575
 0.7415373    -0.0234920
 0.7699063    -0.0173855
 0.7977362    -0.0112728
 0.8248944    -0.0051908
 0.8512328     0.0008196
 0.8765830     0.0067118
 0.9007495     0.0124288
 0.9234998     0.0157290
 0.9445469     0.0152275
 0.9635184     0.0118519
 0.9798895     0.0067138
 0.9928006     0.0012097
 1.0000000    -0.0024150
