NACA 3317
 1.0000000     0.0017850
 0.9928006     0.0038236
 0.9798895     0.0074323
 0.9635184     0.0119223
 0.9445469     0.0170079
 0.9234998     0.0225056
 0.9007495     0.0282811
 0.8765830     0.0342303
 0.8512328     0.0402691
 0.8248944     0.0463278
 0.7977362     0.0523477
 0.7699063     0.0582786
 0.7415373     0.0640763
 0.7127487     0.0697020
 0.6836500     0.0751207
 0.6543419     0.0803005
 0.6249182     0.0852121
 0.5954661     0.0898281
 0.5660677     0.0941230
 0.5368005     0.0980729
 0.5077378     0.1016555
 0.4789491     0.1048500
 0.4505011     0.1076372
 0.4224571     0.1099999
 0.3948782     0.1119227
 0.3678229     0.1133925
 0.3413476     0.1143986
 0.3155065     0.1149328
 0.2903524     0.1149643
 0.2659361     0.1142510
 0.2423068     0.1127589
 0.2195125     0.1105242
 0.1975998     0.1075873
 0.1766138     0.1039926
 0.1565988     0.0997881
 0.1375977     0.0950247
 0.1196525     0.0897562
 0.1028043     0.0840380
 0.0870931     0.0779271
 0.0725582     0.0714809
 0.0592379     0.0647566
 0.0471700     0.0578107
 0.0363913     0.0506975
 0.0269381     0.0434687
 0.0188458     0.0361725
 0.0121494     0.0288526
 0.0068832     0.0215470
 0.0030809     0.0142879
 0.0007756     0.0070999
 0.0000000     0.0000000
 0.0007756    -0.0067901
 0.0030809    -0.0130619
 0.0068832    -0.0188254
 0.0121494    -0.0240912
 0.0188458    -0.0288710
 0.0269381    -0.0331772
 0.0363913    -0.0370238
 0.0471700    -0.0404260
 0.0592379    -0.0434009
 0.0725582    -0.0459674
 0.0870931    -0.0481467
 0.1028043    -0.0499621
 0.1196525    -0.0514397
 0.1375977    -0.0526077
 0.1565988    -0.0534974
 0.1766138    -0.0541421
 0.1975998    -0.0545779
 0.2195125    -0.0548430
 0.2423068    -0.0549779
 0.2659361    -0.0550246
 0.2903524    -0.0550264
 0.3155065    -0.0549622
 0.3413476    -0.0546080
 0.3678229    -0.0539558
 0.3948782    -0.0530250
 0.4224571    -0.0518361
 0.4505011    -0.0504108
 0.4789491    -0.0487712
 0.5077378    -0.0469398
 0.5368005    -0.0449392
 0.5660677    -0.0427914
 0.5954661    -0.0405179
 0.6249182    -0.0381392
 0.6543419    -0.0356750
 0.6836500    -0.0331436
 0.7127487    -0.0305626
 0.7415373    -0.0279483
 0.7699063    -0.0253168
 0.7977362    -0.0226834
 0.8248944    -0.0200642
 0.8512328    -0.0174762
 0.8765830    -0.0149383
 0.9007495    -0.0124730
 0.9234998    -0.0101079
 0.9445469    -0.0078782
 0.9635184    -0.0058313
 0.9798895    -0.0040343
 0.9928006    -0.0025958
 1.0000000    -0.0017850
