NACA 5320
 1.0000000     0.0021000
 0.9928006     0.0047993
 0.9798895     0.0095768
 0.9635184     0.0155191
 0.9445469     0.0222470
 0.9234998     0.0295158
 0.9007495     0.0371465
 0.8765830     0.0449994
 0.8512328     0.0529619
 0.8248944     0.0609404
 0.7977362     0.0688563
 0.7699063     0.0766419
 0.7415373     0.0842388
 0.7127487     0.0915953
 0.6836500     0.0986658
 0.6543419     0.1054088
 0.6249182     0.1117869
 0.5954661     0.1177659
 0.5660677     0.1233142
 0.5368005     0.1284029
 0.5077378     0.1330055
 0.4789491     0.1370978
 0.4505011     0.1406581
 0.4224571     0.1436675
 0.3948782     0.1461095
 0.3678229     0.1479708
 0.3413476     0.1492412
 0.3155065     0.1499137
 0.2903524     0.1499428
 0.2659361     0.1489292
 0.2423068     0.1468196
 0.2195125     0.1436758
 0.1975998     0.1395658
 0.1766138     0.1345625
 0.1565988     0.1287435
 0.1375977     0.1221901
 0.1196525     0.1149868
 0.1028043     0.1072202
 0.0870931     0.0989781
 0.0725582     0.0903485
 0.0592379     0.0814185
 0.0471700     0.0722735
 0.0363913     0.0629954
 0.0269381     0.0536621
 0.0188458     0.0443455
 0.0121494     0.0351112
 0.0068832     0.0260166
 0.0030809     0.0171098
 0.0007756     0.0084288
 0.0000000     0.0000000
 0.0007756    -0.0079124
 0.0030809    -0.0150664
 0.0068832    -0.0214804
 0.0121494    -0.0271756
 0.0188458    -0.0321763
 0.0269381    -0.0365096
 0.0363913    -0.0402060
 0.0471700    -0.0432991
 0.0592379    -0.0458256
 0.0725582    -0.0478260
 0.0870931    -0.0493440
 0.1028043    -0.0504270
 0.1196525    -0.0511260
 0.1375977    -0.0514951
 0.1565988    -0.0515923
 0.1766138    -0.0514783
 0.1975998    -0.0512167
 0.2195125    -0.0508739
 0.2423068    -0.0505179
 0.2659361    -0.0502185
 0.2903524    -0.0500462
 0.3155065    -0.0499628
 0.3413476    -0.0495901
 0.3678229    -0.0489096
 0.3948782    -0.0479466
 0.4224571    -0.0467279
 0.4505011    -0.0452807
 0.4789491    -0.0436330
 0.5077378    -0.0418126
 0.5368005    -0.0398467
 0.5660677    -0.0377616
 0.5954661    -0.0355823
 0.6249182    -0.0333322
 0.6543419    -0.0310329
 0.6836500    -0.0287040
 0.7127487    -0.0263630
 0.7415373    -0.0240255
 0.7699063    -0.0217055
 0.7977362    -0.0194157
 0.8248944    -0.0171678
 0.8512328    -0.0149737
 0.8765830    -0.0128460
 0.9007495    -0.0107995
 0.9234998    -0.0088529
 0.9445469    -0.0070308
 0.9635184    -0.0053674
 0.9798895    -0.0039134
 0.9928006    -0.0027529
 1.0000000    -0.0021000
