NACA 3820
 1.0000000     0.0021000
 0.9928006     0.0058970
 0.9798895     0.0124749
 0.9635184     0.0203896
 0.9445469     0.0289686
 0.9234998     0.0377452
 0.9007495     0.0463602
 0.8765830     0.0545240
 0.8512328     0.0619992
 0.8248944     0.0685893
 0.7977362     0.0741357
 0.7699063     0.0791313
 0.7415373     0.0839719
 0.7127487     0.0886223
 0.6836500     0.0930503
 0.6543419     0.0972263
 0.6249182     0.1011227
 0.5954661     0.1047131
 0.5660677     0.1079727
 0.5368005     0.1108776
 0.5077378     0.1134051
 0.4789491     0.1155338
 0.4505011     0.1172437
 0.4224571     0.1185162
 0.3948782     0.1193348
 0.3678229     0.1196850
 0.3413476     0.1195549
 0.3155065     0.1189351
 0.2903524     0.1178192
 0.2659361     0.1162040
 0.2423068     0.1140896
 0.2195125     0.1114796
 0.1975998     0.1083810
 0.1766138     0.1048043
 0.1565988     0.1007633
 0.1375977     0.0962750
 0.1196525     0.0913592
 0.1028043     0.0860385
 0.0870931     0.0803375
 0.0725582     0.0742823
 0.0592379     0.0679004
 0.0471700     0.0612197
 0.0363913     0.0542680
 0.0269381     0.0470722
 0.0188458     0.0396577
 0.0121494     0.0320477
 0.0068832     0.0242625
 0.0030809     0.0163187
 0.0007756     0.0082287
 0.0000000     0.0000000
 0.0007756    -0.0081124
 0.0030809    -0.0158575
 0.0068832    -0.0232345
 0.0121494    -0.0302391
 0.0188458    -0.0368641
 0.0269381    -0.0430995
 0.0363913    -0.0489335
 0.0471700    -0.0543528
 0.0592379    -0.0593437
 0.0725582    -0.0638921
 0.0870931    -0.0679846
 0.1028043    -0.0716087
 0.1196525    -0.0747536
 0.1375977    -0.0774103
 0.1565988    -0.0795725
 0.1766138    -0.0812365
 0.1975998    -0.0824016
 0.2195125    -0.0830701
 0.2423068    -0.0832479
 0.2659361    -0.0829437
 0.2903524    -0.0821698
 0.3155065    -0.0809414
 0.3413476    -0.0792763
 0.3678229    -0.0771954
 0.3948782    -0.0747214
 0.4224571    -0.0718792
 0.4505011    -0.0686952
 0.4789491    -0.0651970
 0.5077378    -0.0614130
 0.5368005    -0.0573720
 0.5660677    -0.0531031
 0.5954661    -0.0486351
 0.6249182    -0.0439965
 0.6543419    -0.0392154
 0.6836500    -0.0343194
 0.7127487    -0.0293360
 0.7415373    -0.0242923
 0.7699063    -0.0192162
 0.7977362    -0.0141362
 0.8248944    -0.0095189
 0.8512328    -0.0059364
 0.8765830    -0.0033214
 0.9007495    -0.0015859
 0.9234998    -0.0006235
 0.9445469    -0.0003093
 0.9635184    -0.0004970
 0.9798895    -0.0010153
 0.9928006    -0.0016552
 1.0000000    -0.0021000
