NACA 3521
 1.0000000     0.0022050
 0.9928006     0.0048226
 0.9798895     0.0094471
 0.9635184     0.0151835
 0.9445469     0.0216562
 0.9234998     0.0286213
 0.9007495     0.0358996
 0.8765830     0.0433511
 0.8512328     0.0508624
 0.8248944     0.0583401
 0.7977362     0.0657052
 0.7699063     0.0728905
 0.7415373     0.0798379
 0.7127487     0.0864967
 0.6836500     0.0928219
 0.6543419     0.0987733
 0.6249182     0.1043150
 0.5954661     0.1094141
 0.5660677     0.1140410
 0.5368005     0.1181685
 0.5077378     0.1217723
 0.4789491     0.1248305
 0.4505011     0.1273239
 0.4224571     0.1292360
 0.3948782     0.1305534
 0.3678229     0.1312657
 0.3413476     0.1313659
 0.3155065     0.1308506
 0.2903524     0.1297200
 0.2659361     0.1279782
 0.2423068     0.1256335
 0.2195125     0.1226978
 0.1975998     0.1191873
 0.1766138     0.1151220
 0.1565988     0.1105254
 0.1375977     0.1054245
 0.1196525     0.0998495
 0.1028043     0.0938331
 0.0870931     0.0874100
 0.0725582     0.0806168
 0.0592379     0.0734906
 0.0471700     0.0660690
 0.0363913     0.0583888
 0.0269381     0.0504856
 0.0188458     0.0423928
 0.0121494     0.0341408
 0.0068832     0.0257562
 0.0030809     0.0172611
 0.0007756     0.0086721
 0.0000000     0.0000000
 0.0007756    -0.0084861
 0.0030809    -0.0165239
 0.0068832    -0.0241156
 0.0121494    -0.0312604
 0.0188458    -0.0379551
 0.0269381    -0.0441946
 0.0363913    -0.0499727
 0.0471700    -0.0552822
 0.0592379    -0.0601157
 0.0725582    -0.0644664
 0.0870931    -0.0683281
 0.1028043    -0.0716965
 0.1196525    -0.0745689
 0.1375977    -0.0769450
 0.1565988    -0.0788272
 0.1766138    -0.0802209
 0.1975998    -0.0811344
 0.2195125    -0.0815794
 0.2423068    -0.0815709
 0.2659361    -0.0811269
 0.2903524    -0.0802685
 0.3155065    -0.0790197
 0.3413476    -0.0774069
 0.3678229    -0.0754587
 0.3948782    -0.0732056
 0.4224571    -0.0706791
 0.4505011    -0.0679119
 0.4789491    -0.0649368
 0.5077378    -0.0617867
 0.5368005    -0.0584935
 0.5660677    -0.0550886
 0.5954661    -0.0516014
 0.6249182    -0.0480601
 0.6543419    -0.0444905
 0.6836500    -0.0409164
 0.7127487    -0.0373596
 0.7415373    -0.0338396
 0.7699063    -0.0303743
 0.7977362    -0.0269804
 0.8248944    -0.0236736
 0.8512328    -0.0204699
 0.8765830    -0.0173866
 0.9007495    -0.0144437
 0.9234998    -0.0116658
 0.9445469    -0.0090855
 0.9635184    -0.0067474
 0.9798895    -0.0047176
 0.9928006    -0.0031072
 1.0000000    -0.0022050
