NACA 2422
 1.0000000     0.0023100
 0.9928006     0.0046308
 0.9798895     0.0087378
 0.9635184     0.0138458
 0.9445469     0.0196288
 0.9234998     0.0258777
 0.9007495     0.0324397
 0.8765830     0.0391966
 0.8512328     0.0460528
 0.8248944     0.0529298
 0.7977362     0.0597610
 0.7699063     0.0664894
 0.7415373     0.0730649
 0.7127487     0.0794431
 0.6836500     0.0855835
 0.6543419     0.0914491
 0.6249182     0.0970051
 0.5954661     0.1022189
 0.5660677     0.1070595
 0.5368005     0.1114976
 0.5077378     0.1155051
 0.4789491     0.1190557
 0.4505011     0.1221247
 0.4224571     0.1246894
 0.3948782     0.1267276
 0.3678229     0.1281548
 0.3413476     0.1289272
 0.3155065     0.1290396
 0.2903524     0.1284911
 0.2659361     0.1272846
 0.2423068     0.1254272
 0.2195125     0.1229304
 0.1975998     0.1198097
 0.1766138     0.1160848
 0.1565988     0.1117792
 0.1375977     0.1069200
 0.1196525     0.1015377
 0.1028043     0.0956653
 0.0870931     0.0893383
 0.0725582     0.0825937
 0.0592379     0.0754694
 0.0471700     0.0680038
 0.0363913     0.0602344
 0.0269381     0.0521975
 0.0188458     0.0439272
 0.0121494     0.0354542
 0.0068832     0.0268057
 0.0030809     0.0180038
 0.0007756     0.0090651
 0.0000000     0.0000000
 0.0007756    -0.0089101
 0.0030809    -0.0173900
 0.0068832    -0.0254409
 0.0121494    -0.0330613
 0.0188458    -0.0402468
 0.0269381    -0.0469913
 0.0363913    -0.0532872
 0.0471700    -0.0591260
 0.0592379    -0.0644991
 0.0725582    -0.0693982
 0.0870931    -0.0738160
 0.1028043    -0.0777466
 0.1196525    -0.0811864
 0.1375977    -0.0841338
 0.1565988    -0.0865902
 0.1766138    -0.0885601
 0.1975998    -0.0900512
 0.2195125    -0.0910743
 0.2423068    -0.0916440
 0.2659361    -0.0917779
 0.2903524    -0.0914968
 0.3155065    -0.0908244
 0.3413476    -0.0897872
 0.3678229    -0.0884137
 0.3948782    -0.0867342
 0.4224571    -0.0847455
 0.4505011    -0.0824080
 0.4789491    -0.0797482
 0.5077378    -0.0767948
 0.5368005    -0.0735769
 0.5660677    -0.0701238
 0.5954661    -0.0664641
 0.6249182    -0.0626260
 0.6543419    -0.0586368
 0.6836500    -0.0545232
 0.7127487    -0.0503111
 0.7415373    -0.0460258
 0.7699063    -0.0416928
 0.7977362    -0.0373381
 0.8248944    -0.0329893
 0.8512328    -0.0286763
 0.8765830    -0.0244334
 0.9007495    -0.0203009
 0.9234998    -0.0163279
 0.9445469    -0.0125768
 0.9635184    -0.0091295
 0.9798895    -0.0061014
 0.9928006    -0.0036766
 1.0000000    -0.0023100
