NACA 2423
 1.0000000     0.0024150
 0.9928006     0.0048196
 0.9798895     0.0090751
 0.9635184     0.0143680
 0.9445469     0.0203608
 0.9234998     0.0268369
 0.9007495     0.0336384
 0.8765830     0.0406427
 0.8512328     0.0477512
 0.8248944     0.0548825
 0.7977362     0.0619678
 0.7699063     0.0689481
 0.7415373     0.0757715
 0.7127487     0.0823920
 0.6836500     0.0887678
 0.6543419     0.0948601
 0.6249182     0.1006331
 0.5954661     0.1060526
 0.5660677     0.1110864
 0.5368005     0.1157038
 0.5077378     0.1198755
 0.4789491     0.1235739
 0.4505011     0.1267731
 0.4224571     0.1294493
 0.3948782     0.1315790
 0.3678229     0.1330768
 0.3413476     0.1338980
 0.3155065     0.1340366
 0.2903524     0.1334909
 0.2659361     0.1322633
 0.2423068     0.1303607
 0.2195125     0.1277941
 0.1975998     0.1245793
 0.1766138     0.1207358
 0.1565988     0.1162876
 0.1375977     0.1112622
 0.1196525     0.1056905
 0.1028043     0.0996065
 0.0870931     0.0930464
 0.0725582     0.0860480
 0.0592379     0.0786505
 0.0471700     0.0708931
 0.0363913     0.0628144
 0.0269381     0.0544518
 0.0188458     0.0458402
 0.0121494     0.0370114
 0.0068832     0.0279931
 0.0030809     0.0188082
 0.0007756     0.0094736
 0.0000000     0.0000000
 0.0007756    -0.0093187
 0.0030809    -0.0181944
 0.0068832    -0.0266283
 0.0121494    -0.0346184
 0.0188458    -0.0421598
 0.0269381    -0.0492456
 0.0363913    -0.0558673
 0.0471700    -0.0620154
 0.0592379    -0.0676802
 0.0725582    -0.0728526
 0.0870931    -0.0775240
 0.1028043    -0.0816878
 0.1196525    -0.0853392
 0.1375977    -0.0884759
 0.1565988    -0.0910986
 0.1766138    -0.0932111
 0.1975998    -0.0948207
 0.2195125    -0.0959381
 0.2423068    -0.0965774
 0.2659361    -0.0967566
 0.2903524    -0.0964965
 0.3155065    -0.0958213
 0.3413476    -0.0947580
 0.3678229    -0.0933357
 0.3948782    -0.0915856
 0.4224571    -0.0895054
 0.4505011    -0.0870565
 0.4789491    -0.0842665
 0.5077378    -0.0811652
 0.5368005    -0.0777832
 0.5660677    -0.0741507
 0.5954661    -0.0702978
 0.6249182    -0.0662540
 0.6543419    -0.0620479
 0.6836500    -0.0577075
 0.7127487    -0.0532600
 0.7415373    -0.0487324
 0.7699063    -0.0441515
 0.7977362    -0.0395449
 0.8248944    -0.0349420
 0.8512328    -0.0303747
 0.8765830    -0.0258795
 0.9007495    -0.0214995
 0.9234998    -0.0172871
 0.9445469    -0.0133087
 0.9635184    -0.0096516
 0.9798895    -0.0064386
 0.9928006    -0.0038654
 1.0000000    -0.0024150
