NACA 5617
 1.0000000     0.0017850
 0.9928006     0.0049933
 0.9798895     0.0106346
 0.9635184     0.0175813
 0.9445469     0.0253454
 0.9234998     0.0336029
 0.9007495     0.0421113
 0.8765830     0.0506786
 0.8512328     0.0591483
 0.8248944     0.0673905
 0.7977362     0.0752970
 0.7699063     0.0827764
 0.7415373     0.0897521
 0.7127487     0.0961597
 0.6836500     0.1019455
 0.6543419     0.1070649
 0.6249182     0.1114816
 0.5954661     0.1151701
 0.5660677     0.1182973
 0.5368005     0.1209513
 0.5077378     0.1231154
 0.4789491     0.1247754
 0.4505011     0.1259198
 0.4224571     0.1265400
 0.3948782     0.1266301
 0.3678229     0.1261872
 0.3413476     0.1252115
 0.3155065     0.1237063
 0.2903524     0.1216784
 0.2659361     0.1191380
 0.2423068     0.1160984
 0.2195125     0.1125766
 0.1975998     0.1085929
 0.1766138     0.1041707
 0.1565988     0.0993365
 0.1375977     0.0941196
 0.1196525     0.0885516
 0.1028043     0.0826662
 0.0870931     0.0764989
 0.0725582     0.0700860
 0.0592379     0.0634644
 0.0471700     0.0566710
 0.0363913     0.0497419
 0.0269381     0.0427119
 0.0188458     0.0356134
 0.0121494     0.0284763
 0.0068832     0.0213268
 0.0030809     0.0141870
 0.0007756     0.0070742
 0.0000000     0.0000000
 0.0007756    -0.0068158
 0.0030809    -0.0131627
 0.0068832    -0.0190456
 0.0121494    -0.0244675
 0.0188458    -0.0294301
 0.0269381    -0.0339341
 0.0363913    -0.0379793
 0.0471700    -0.0415657
 0.0592379    -0.0446932
 0.0725582    -0.0473623
 0.0870931    -0.0495749
 0.1028043    -0.0513339
 0.1196525    -0.0526443
 0.1375977    -0.0535129
 0.1565988    -0.0539489
 0.1766138    -0.0539640
 0.1975998    -0.0535723
 0.2195125    -0.0527907
 0.2423068    -0.0516385
 0.2659361    -0.0501376
 0.2903524    -0.0483122
 0.3155065    -0.0461887
 0.3413476    -0.0437951
 0.3678229    -0.0411611
 0.3948782    -0.0383176
 0.4224571    -0.0352960
 0.4505011    -0.0321282
 0.4789491    -0.0288458
 0.5077378    -0.0254799
 0.5368005    -0.0220608
 0.5660677    -0.0186171
 0.5954661    -0.0151758
 0.6249182    -0.0118697
 0.6543419    -0.0089106
 0.6836500    -0.0063188
 0.7127487    -0.0041049
 0.7415373    -0.0022726
 0.7699063    -0.0008190
 0.7977362     0.0002658
 0.8248944     0.0009985
 0.8512328     0.0014030
 0.8765830     0.0015100
 0.9007495     0.0013572
 0.9234998     0.0009895
 0.9445469     0.0004592
 0.9635184    -0.0001723
 0.9798895    -0.0008321
 0.9928006    -0.0014260
 1.0000000    -0.0017850
