NACA 3522
 1.0000000     0.0023100
 0.9928006     0.0050114
 0.9798895     0.0097843
 0.9635184     0.0157057
 0.9445469     0.0223882
 0.9234998     0.0295806
 0.9007495     0.0370983
 0.8765830     0.0447972
 0.8512328     0.0525608
 0.8248944     0.0602928
 0.7977362     0.0679120
 0.7699063     0.0753492
 0.7415373     0.0825445
 0.7127487     0.0894456
 0.6836500     0.0960061
 0.6543419     0.1021844
 0.6249182     0.1079430
 0.5954661     0.1132478
 0.5660677     0.1180679
 0.5368005     0.1223747
 0.5077378     0.1261427
 0.4789491     0.1293488
 0.4505011     0.1319723
 0.4224571     0.1339959
 0.3948782     0.1354048
 0.3678229     0.1361877
 0.3413476     0.1363367
 0.3155065     0.1358475
 0.2903524     0.1347197
 0.2659361     0.1329569
 0.2423068     0.1305669
 0.2195125     0.1275616
 0.1975998     0.1239569
 0.1766138     0.1197730
 0.1565988     0.1150338
 0.1375977     0.1097666
 0.1196525     0.1040023
 0.1028043     0.0977743
 0.0870931     0.0911181
 0.0725582     0.0840712
 0.0592379     0.0766717
 0.0471700     0.0689583
 0.0363913     0.0609689
 0.0269381     0.0527399
 0.0188458     0.0443059
 0.0121494     0.0356980
 0.0068832     0.0269436
 0.0030809     0.0180655
 0.0007756     0.0090806
 0.0000000     0.0000000
 0.0007756    -0.0088946
 0.0030809    -0.0173283
 0.0068832    -0.0253030
 0.0121494    -0.0328175
 0.0188458    -0.0398681
 0.0269381    -0.0464489
 0.0363913    -0.0525528
 0.0471700    -0.0581715
 0.0592379    -0.0632968
 0.0725582    -0.0679207
 0.0870931    -0.0720362
 0.1028043    -0.0756377
 0.1196525    -0.0787217
 0.1375977    -0.0812872
 0.1565988    -0.0833356
 0.1766138    -0.0848719
 0.1975998    -0.0859039
 0.2195125    -0.0864431
 0.2423068    -0.0865043
 0.2659361    -0.0861055
 0.2903524    -0.0852682
 0.3155065    -0.0840166
 0.3413476    -0.0823777
 0.3678229    -0.0803807
 0.3948782    -0.0780570
 0.4224571    -0.0754390
 0.4505011    -0.0725604
 0.4789491    -0.0694551
 0.5077378    -0.0661571
 0.5368005    -0.0626998
 0.5660677    -0.0591155
 0.5954661    -0.0554351
 0.6249182    -0.0516881
 0.6543419    -0.0479015
 0.6836500    -0.0441006
 0.7127487    -0.0403085
 0.7415373    -0.0365462
 0.7699063    -0.0328330
 0.7977362    -0.0291872
 0.8248944    -0.0256263
 0.8512328    -0.0221683
 0.8765830    -0.0188328
 0.9007495    -0.0156423
 0.9234998    -0.0126251
 0.9445469    -0.0098174
 0.9635184    -0.0072695
 0.9798895    -0.0050549
 0.9928006    -0.0032960
 1.0000000    -0.0023100
