NACA 5717
 1.0000000     0.0017850
 0.9928006     0.0055807
 0.9798895     0.0122121
 0.9635184     0.0202979
 0.9445469     0.0292191
 0.9234998     0.0385555
 0.9007495     0.0479880
 0.8765830     0.0572612
 0.8512328     0.0661663
 0.8248944     0.0745301
 0.7977362     0.0822087
 0.7699063     0.0890827
 0.7415373     0.0950538
 0.7127487     0.1000420
 0.6836500     0.1041049
 0.6543419     0.1077750
 0.6249182     0.1111004
 0.5954661     0.1140579
 0.5660677     0.1166268
 0.5368005     0.1187883
 0.5077378     0.1205258
 0.4789491     0.1218245
 0.4505011     0.1226720
 0.4224571     0.1230578
 0.3948782     0.1229739
 0.3678229     0.1224148
 0.3413476     0.1213776
 0.3155065     0.1198623
 0.2903524     0.1178717
 0.2659361     0.1154121
 0.2423068     0.1124926
 0.2195125     0.1091257
 0.1975998     0.1053269
 0.1766138     0.1011150
 0.1565988     0.0965116
 0.1375977     0.0915411
 0.1196525     0.0862303
 0.1028043     0.0806080
 0.0870931     0.0747048
 0.0725582     0.0685524
 0.0592379     0.0621833
 0.0471700     0.0556299
 0.0363913     0.0489243
 0.0269381     0.0420972
 0.0188458     0.0351778
 0.0121494     0.0281925
 0.0068832     0.0211647
 0.0030809     0.0141140
 0.0007756     0.0070557
 0.0000000     0.0000000
 0.0007756    -0.0068342
 0.0030809    -0.0132357
 0.0068832    -0.0192077
 0.0121494    -0.0247513
 0.0188458    -0.0298657
 0.0269381    -0.0345487
 0.0363913    -0.0387970
 0.0471700    -0.0426068
 0.0592379    -0.0459743
 0.0725582    -0.0488959
 0.0870931    -0.0513690
 0.1028043    -0.0533922
 0.1196525    -0.0549656
 0.1375977    -0.0560914
 0.1565988    -0.0567738
 0.1766138    -0.0570197
 0.1975998    -0.0568383
 0.2195125    -0.0562416
 0.2423068    -0.0552442
 0.2659361    -0.0538634
 0.2903524    -0.0521189
 0.3155065    -0.0500327
 0.3413476    -0.0476290
 0.3678229    -0.0449335
 0.3948782    -0.0419738
 0.4224571    -0.0387782
 0.4505011    -0.0353760
 0.4789491    -0.0317967
 0.5077378    -0.0280696
 0.5368005    -0.0242238
 0.5660677    -0.0202876
 0.5954661    -0.0162880
 0.6249182    -0.0122509
 0.6543419    -0.0082005
 0.6836500    -0.0041594
 0.7127487    -0.0002226
 0.7415373     0.0030292
 0.7699063     0.0054874
 0.7977362     0.0071776
 0.8248944     0.0081381
 0.8512328     0.0084211
 0.8765830     0.0080926
 0.9007495     0.0072338
 0.9234998     0.0059421
 0.9445469     0.0043329
 0.9635184     0.0025443
 0.9798895     0.0007455
 0.9928006    -0.0008387
 1.0000000    -0.0017850
