NACA 5914
 1.0000000     0.0014700
 0.9928006     0.0095835
 0.9798895     0.0228099
 0.9635184     0.0371374
 0.9445469     0.0503251
 0.9234998     0.0606679
 0.9007495     0.0667783
 0.8765830     0.0702120
 0.8512328     0.0736306
 0.8248944     0.0769897
 0.7977362     0.0802496
 0.7699063     0.0833769
 0.7415373     0.0863425
 0.7127487     0.0891210
 0.6836500     0.0916901
 0.6543419     0.0940294
 0.6249182     0.0961207
 0.5954661     0.0979471
 0.5660677     0.0994931
 0.5368005     0.1007445
 0.5077378     0.1016882
 0.4789491     0.1023123
 0.4505011     0.1026064
 0.4224571     0.1025614
 0.3948782     0.1021698
 0.3678229     0.1014259
 0.3413476     0.1003260
 0.3155065     0.0988683
 0.2903524     0.0970535
 0.2659361     0.0948846
 0.2423068     0.0923669
 0.2195125     0.0895083
 0.1975998     0.0863192
 0.1766138     0.0828126
 0.1565988     0.0790036
 0.1375977     0.0749098
 0.1196525     0.0705505
 0.1028043     0.0659468
 0.0870931     0.0611215
 0.0725582     0.0560981
 0.0592379     0.0509008
 0.0471700     0.0455542
 0.0363913     0.0400823
 0.0269381     0.0345084
 0.0188458     0.0288547
 0.0121494     0.0231412
 0.0068832     0.0173858
 0.0030809     0.0116034
 0.0007756     0.0058055
 0.0000000     0.0000000
 0.0007756    -0.0056333
 0.0030809    -0.0109199
 0.0068832    -0.0158621
 0.0121494    -0.0204596
 0.0188458    -0.0247106
 0.0269381    -0.0286118
 0.0363913    -0.0321588
 0.0471700    -0.0353466
 0.0592379    -0.0381701
 0.0725582    -0.0406240
 0.0870931    -0.0427039
 0.1028043    -0.0444062
 0.1196525    -0.0457285
 0.1375977    -0.0466699
 0.1565988    -0.0472314
 0.1766138    -0.0474160
 0.1975998    -0.0472286
 0.2195125    -0.0466766
 0.2423068    -0.0457694
 0.2659361    -0.0445188
 0.2903524    -0.0429388
 0.3155065    -0.0410452
 0.3413476    -0.0388559
 0.3678229    -0.0363904
 0.3948782    -0.0336695
 0.4224571    -0.0307154
 0.4505011    -0.0275508
 0.4789491    -0.0241992
 0.5077378    -0.0206844
 0.5368005    -0.0170302
 0.5660677    -0.0132599
 0.5954661    -0.0093966
 0.6249182    -0.0054627
 0.6543419    -0.0014798
 0.6836500     0.0025312
 0.7127487     0.0065502
 0.7415373     0.0105575
 0.7699063     0.0145337
 0.7977362     0.0184593
 0.8248944     0.0223139
 0.8512328     0.0260757
 0.8765830     0.0297203
 0.9007495     0.0332161
 0.9234998     0.0338097
 0.9445469     0.0298306
 0.9635184     0.0225167
 0.9798895     0.0133668
 0.9928006     0.0042970
 1.0000000    -0.0014700
