NACA 4820
 1.0000000     0.0021000
 0.9928006     0.0066040
 0.9798895     0.0143849
 0.9635184     0.0237050
 0.9445469     0.0337451
 0.9234998     0.0439322
 0.9007495     0.0538225
 0.8765830     0.0630578
 0.8512328     0.0713430
 0.8248944     0.0784344
 0.7977362     0.0841357
 0.7699063     0.0891171
 0.7415373     0.0939185
 0.7127487     0.0985034
 0.6836500     0.1028388
 0.6543419     0.1068948
 0.6249182     0.1106437
 0.5954661     0.1140595
 0.5660677     0.1171176
 0.5368005     0.1197952
 0.5077378     0.1220704
 0.4789491     0.1239233
 0.4505011     0.1253351
 0.4224571     0.1262890
 0.3948782     0.1267704
 0.3678229     0.1267666
 0.3413476     0.1262680
 0.3155065     0.1252674
 0.2903524     0.1237607
 0.2659361     0.1217473
 0.2423068     0.1192299
 0.2195125     0.1162145
 0.1975998     0.1127109
 0.1766138     0.1087323
 0.1565988     0.1042951
 0.1375977     0.0994191
 0.1196525     0.0941269
 0.1028043     0.0884435
 0.0870931     0.0823963
 0.0725582     0.0760140
 0.0592379     0.0693266
 0.0471700     0.0623642
 0.0363913     0.0551571
 0.0269381     0.0477343
 0.0188458     0.0401233
 0.0121494     0.0323491
 0.0068832     0.0244338
 0.0030809     0.0163956
 0.0007756     0.0082481
 0.0000000     0.0000000
 0.0007756    -0.0080930
 0.0030809    -0.0157806
 0.0068832    -0.0230631
 0.0121494    -0.0299377
 0.0188458    -0.0363985
 0.0269381    -0.0424374
 0.0363913    -0.0480444
 0.0471700    -0.0532084
 0.0592379    -0.0579176
 0.0725582    -0.0621605
 0.0870931    -0.0659258
 0.1028043    -0.0692037
 0.1196525    -0.0719859
 0.1375977    -0.0742662
 0.1565988    -0.0760407
 0.1766138    -0.0773086
 0.1975998    -0.0780717
 0.2195125    -0.0783352
 0.2423068    -0.0781076
 0.2659361    -0.0774004
 0.2903524    -0.0762283
 0.3155065    -0.0746091
 0.3413476    -0.0725633
 0.3678229    -0.0701138
 0.3948782    -0.0672858
 0.4224571    -0.0641063
 0.4505011    -0.0606038
 0.4789491    -0.0568075
 0.5077378    -0.0527476
 0.5368005    -0.0484544
 0.5660677    -0.0439581
 0.5954661    -0.0392887
 0.6249182    -0.0344754
 0.6543419    -0.0295469
 0.6836500    -0.0245310
 0.7127487    -0.0194550
 0.7415373    -0.0143458
 0.7699063    -0.0092303
 0.7977362    -0.0041363
 0.8248944     0.0003261
 0.8512328     0.0034074
 0.8765830     0.0052123
 0.9007495     0.0058765
 0.9234998     0.0055634
 0.9445469     0.0044673
 0.9635184     0.0028184
 0.9798895     0.0008947
 0.9928006    -0.0009482
 1.0000000    -0.0021000
