NACA 4223
 1.0000000     0.0024150
 0.9928006     0.0050592
 0.9798895     0.0097426
 0.9635184     0.0155748
 0.9445469     0.0221879
 0.9234998     0.0293463
 0.9007495     0.0368783
 0.8765830     0.0446508
 0.8512328     0.0525564
 0.8248944     0.0605064
 0.7977362     0.0684258
 0.7699063     0.0762502
 0.7415373     0.0839230
 0.7127487     0.0913941
 0.6836500     0.0986178
 0.6543419     0.1055523
 0.6249182     0.1121588
 0.5954661     0.1184006
 0.5660677     0.1242432
 0.5368005     0.1296538
 0.5077378     0.1346015
 0.4789491     0.1390569
 0.4505011     0.1429929
 0.4224571     0.1463844
 0.3948782     0.1492087
 0.3678229     0.1514460
 0.3413476     0.1530793
 0.3155065     0.1540951
 0.2903524     0.1544835
 0.2659361     0.1542382
 0.2423068     0.1533572
 0.2195125     0.1518423
 0.1975998     0.1496942
 0.1766138     0.1464266
 0.1565988     0.1418094
 0.1375977     0.1359750
 0.1196525     0.1290591
 0.1028043     0.1212002
 0.0870931     0.1125372
 0.0725582     0.1032089
 0.0592379     0.0933514
 0.0471700     0.0830972
 0.0363913     0.0725731
 0.0269381     0.0618983
 0.0188458     0.0511832
 0.0121494     0.0405271
 0.0068832     0.0300166
 0.0030809     0.0197242
 0.0007756     0.0097058
 0.0000000     0.0000000
 0.0007756    -0.0090865
 0.0030809    -0.0172784
 0.0068832    -0.0246048
 0.0121494    -0.0311028
 0.0188458    -0.0368169
 0.0269381    -0.0417991
 0.0363913    -0.0461087
 0.0471700    -0.0498112
 0.0592379    -0.0529794
 0.0725582    -0.0556917
 0.0870931    -0.0580332
 0.1028043    -0.0600942
 0.1196525    -0.0619706
 0.1375977    -0.0637631
 0.1565988    -0.0655768
 0.1766138    -0.0675204
 0.1975998    -0.0697057
 0.2195125    -0.0718899
 0.2423068    -0.0735809
 0.2659361    -0.0747817
 0.2903524    -0.0755039
 0.3155065    -0.0757628
 0.3413476    -0.0755767
 0.3678229    -0.0749665
 0.3948782    -0.0739559
 0.4224571    -0.0725703
 0.4505011    -0.0708368
 0.4789491    -0.0687835
 0.5077378    -0.0664393
 0.5368005    -0.0638332
 0.5660677    -0.0609939
 0.5954661    -0.0579498
 0.6249182    -0.0547282
 0.6543419    -0.0513557
 0.6836500    -0.0478574
 0.7127487    -0.0442580
 0.7415373    -0.0405809
 0.7699063    -0.0368494
 0.7977362    -0.0330869
 0.8248944    -0.0293181
 0.8512328    -0.0255695
 0.8765830    -0.0218714
 0.9007495    -0.0182596
 0.9234998    -0.0147778
 0.9445469    -0.0114816
 0.9635184    -0.0084448
 0.9798895    -0.0057711
 0.9928006    -0.0036258
 1.0000000    -0.0024150
