NACA 4617
 1.0000000     0.0017850
 0.9928006     0.0046366
 0.9798895     0.0096543
 0.9635184     0.0158404
 0.9445469     0.0227649
 0.9234998     0.0301437
 0.9007495     0.0377645
 0.8765830     0.0454598
 0.8512328     0.0530931
 0.8248944     0.0605516
 0.7977362     0.0677407
 0.7699063     0.0745806
 0.7415373     0.0810041
 0.7127487     0.0869542
 0.6836500     0.0923828
 0.6543419     0.0972495
 0.6249182     0.1015204
 0.5954661     0.1051707
 0.5660677     0.1083293
 0.5368005     0.1110623
 0.5077378     0.1133519
 0.4789491     0.1151824
 0.4505011     0.1165407
 0.4224571     0.1174156
 0.3948782     0.1177989
 0.3678229     0.1176846
 0.3413476     0.1170698
 0.3155065     0.1159545
 0.2903524     0.1143418
 0.2659361     0.1122379
 0.2423068     0.1096524
 0.2195125     0.1065980
 0.1975998     0.1030908
 0.1766138     0.0991500
 0.1565988     0.0947978
 0.1375977     0.0900589
 0.1196525     0.0849609
 0.1028043     0.0795330
 0.0870931     0.0738065
 0.0725582     0.0678136
 0.0592379     0.0615873
 0.0471700     0.0551605
 0.0363913     0.0485657
 0.0269381     0.0418341
 0.0188458     0.0349951
 0.0121494     0.0280754
 0.0068832     0.0210987
 0.0030809     0.0140846
 0.0007756     0.0070483
 0.0000000     0.0000000
 0.0007756    -0.0068416
 0.0030809    -0.0132651
 0.0068832    -0.0192737
 0.0121494    -0.0248684
 0.0188458    -0.0300484
 0.0269381    -0.0348118
 0.0363913    -0.0391556
 0.0471700    -0.0430762
 0.0592379    -0.0465703
 0.0725582    -0.0496347
 0.0870931    -0.0522673
 0.1028043    -0.0544671
 0.1196525    -0.0562350
 0.1375977    -0.0575736
 0.1565988    -0.0584877
 0.1766138    -0.0589847
 0.1975998    -0.0590744
 0.2195125    -0.0587693
 0.2423068    -0.0580845
 0.2659361    -0.0570376
 0.2903524    -0.0556488
 0.3155065    -0.0539404
 0.3413476    -0.0519367
 0.3678229    -0.0496638
 0.3948782    -0.0471489
 0.4224571    -0.0444204
 0.4505011    -0.0415073
 0.4789491    -0.0384387
 0.5077378    -0.0352435
 0.5368005    -0.0319499
 0.5660677    -0.0285851
 0.5954661    -0.0251753
 0.6249182    -0.0218309
 0.6543419    -0.0187260
 0.6836500    -0.0158815
 0.7127487    -0.0133103
 0.7415373    -0.0110205
 0.7699063    -0.0090147
 0.7977362    -0.0072905
 0.8248944    -0.0058404
 0.8512328    -0.0046521
 0.8765830    -0.0037088
 0.9007495    -0.0029896
 0.9234998    -0.0024697
 0.9445469    -0.0021212
 0.9635184    -0.0019132
 0.9798895    -0.0018123
 0.9928006    -0.0017828
 1.0000000    -0.0017850
