NACA 6415
 1.0000000     0.0015750
 0.9928006     0.0042633
 0.9798895     0.0090135
 0.9635184     0.0149070
 0.9445469     0.0215573
 0.9234998     0.0287129
 0.9007495     0.0361881
 0.8765830     0.0438368
 0.8512328     0.0515407
 0.8248944     0.0592014
 0.7977362     0.0667363
 0.7699063     0.0740752
 0.7415373     0.0811578
 0.7127487     0.0879324
 0.6836500     0.0943541
 0.6543419     0.1003840
 0.6249182     0.1059883
 0.5954661     0.1111377
 0.5660677     0.1158070
 0.5368005     0.1199745
 0.5077378     0.1236222
 0.4789491     0.1267352
 0.4505011     0.1293020
 0.4224571     0.1313142
 0.3948782     0.1327612
 0.3678229     0.1334419
 0.3413476     0.1332717
 0.3155065     0.1322765
 0.2903524     0.1304874
 0.2659361     0.1279405
 0.2423068     0.1246764
 0.2195125     0.1207403
 0.1975998     0.1161813
 0.1766138     0.1110523
 0.1565988     0.1054094
 0.1375977     0.0993114
 0.1196525     0.0928193
 0.1028043     0.0859957
 0.0870931     0.0789043
 0.0725582     0.0716086
 0.0592379     0.0641720
 0.0471700     0.0566563
 0.0363913     0.0491213
 0.0269381     0.0416237
 0.0188458     0.0342162
 0.0121494     0.0269470
 0.0068832     0.0198585
 0.0030809     0.0129868
 0.0007756     0.0063604
 0.0000000     0.0000000
 0.0007756    -0.0058955
 0.0030809    -0.0111454
 0.0068832    -0.0157642
 0.0121494    -0.0197681
 0.0188458    -0.0231751
 0.0269381    -0.0260051
 0.0363913    -0.0282798
 0.0471700    -0.0300231
 0.0592379    -0.0312611
 0.0725582    -0.0320222
 0.0870931    -0.0323373
 0.1028043    -0.0322397
 0.1196525    -0.0317653
 0.1375977    -0.0309526
 0.1565988    -0.0298425
 0.1766138    -0.0284783
 0.1975998    -0.0269057
 0.2195125    -0.0251720
 0.2423068    -0.0233267
 0.2659361    -0.0214203
 0.2903524    -0.0195043
 0.3155065    -0.0176308
 0.3413476    -0.0158518
 0.3678229    -0.0142184
 0.3948782    -0.0127809
 0.4224571    -0.0114823
 0.4505011    -0.0101521
 0.4789491    -0.0088129
 0.5077378    -0.0074913
 0.5368005    -0.0062126
 0.5660677    -0.0049998
 0.5954661    -0.0038734
 0.6249182    -0.0028510
 0.6543419    -0.0019473
 0.6836500    -0.0011732
 0.7127487    -0.0005363
 0.7415373    -0.0000404
 0.7699063     0.0003146
 0.7977362     0.0005323
 0.8248944     0.0006202
 0.8512328     0.0005890
 0.8765830     0.0004527
 0.9007495     0.0002286
 0.9234998    -0.0000636
 0.9445469    -0.0004011
 0.9635184    -0.0007580
 0.9798895    -0.0011041
 0.9928006    -0.0014008
 1.0000000    -0.0015750
