NACA 3719
 1.0000000     0.0019950
 0.9928006     0.0050099
 0.9798895     0.0102951
 0.9635184     0.0167738
 0.9445469     0.0239726
 0.9234998     0.0315744
 0.9007495     0.0393409
 0.8765830     0.0470827
 0.8512328     0.0546456
 0.8248944     0.0619019
 0.7977362     0.0687451
 0.7699063     0.0750861
 0.7415373     0.0808504
 0.7127487     0.0859760
 0.6836500     0.0904843
 0.6543419     0.0946822
 0.6249182     0.0985865
 0.5954661     0.1021714
 0.5660677     0.1054127
 0.5368005     0.1082879
 0.5077378     0.1107754
 0.4789491     0.1128555
 0.4505011     0.1145097
 0.4224571     0.1157217
 0.3948782     0.1164767
 0.3678229     0.1167626
 0.3413476     0.1165694
 0.3155065     0.1158902
 0.2903524     0.1147206
 0.2659361     0.1130598
 0.2423068     0.1109098
 0.2195125     0.1082763
 0.1975998     0.1051683
 0.1766138     0.1015980
 0.1565988     0.0975808
 0.1375977     0.0931354
 0.1196525     0.0882830
 0.1028043     0.0830472
 0.0870931     0.0774537
 0.0725582     0.0715298
 0.0592379     0.0653037
 0.0471700     0.0588039
 0.0363913     0.0520589
 0.0269381     0.0450961
 0.0188458     0.0379415
 0.0121494     0.0306186
 0.0068832     0.0231481
 0.0030809     0.0155472
 0.0007756     0.0078285
 0.0000000     0.0000000
 0.0007756    -0.0076956
 0.0030809    -0.0150202
 0.0068832    -0.0219740
 0.0121494    -0.0285539
 0.0188458    -0.0347542
 0.0269381    -0.0405670
 0.0363913    -0.0459825
 0.0471700    -0.0509901
 0.0592379    -0.0555783
 0.0725582    -0.0597359
 0.0870931    -0.0634523
 0.1028043    -0.0667177
 0.1196525    -0.0695242
 0.1375977    -0.0718656
 0.1565988    -0.0737382
 0.1766138    -0.0751408
 0.1975998    -0.0760752
 0.2195125    -0.0765459
 0.2423068    -0.0765608
 0.2659361    -0.0761306
 0.2903524    -0.0752689
 0.3155065    -0.0739924
 0.3413476    -0.0723202
 0.3678229    -0.0702738
 0.3948782    -0.0678766
 0.4224571    -0.0651539
 0.4505011    -0.0621322
 0.4789491    -0.0588388
 0.5077378    -0.0553017
 0.5368005    -0.0515492
 0.5660677    -0.0476092
 0.5954661    -0.0435094
 0.6249182    -0.0392767
 0.6543419    -0.0349375
 0.6836500    -0.0305170
 0.7127487    -0.0260844
 0.7415373    -0.0220006
 0.7699063    -0.0183440
 0.7977362    -0.0151133
 0.8248944    -0.0123010
 0.8512328    -0.0098932
 0.8765830    -0.0078704
 0.9007495    -0.0062078
 0.9234998    -0.0048759
 0.9445469    -0.0038414
 0.9635184    -0.0030684
 0.9798895    -0.0025205
 0.9928006    -0.0021647
 1.0000000    -0.0019950
