NACA 6221
 1.0000000     0.0022050
 0.9928006     0.0050400
 0.9798895     0.0100610
 0.9635184     0.0163129
 0.9445469     0.0234005
 0.9234998     0.0310700
 0.9007495     0.0391357
 0.8765830     0.0474534
 0.8512328     0.0559064
 0.8248944     0.0643981
 0.7977362     0.0728470
 0.7699063     0.0811830
 0.7415373     0.0893454
 0.7127487     0.0972802
 0.6836500     0.1049394
 0.6543419     0.1122794
 0.6249182     0.1192605
 0.5954661     0.1258459
 0.5660677     0.1320017
 0.5368005     0.1376965
 0.5077378     0.1429011
 0.4789491     0.1475887
 0.4505011     0.1517350
 0.4224571     0.1553181
 0.3948782     0.1583191
 0.3678229     0.1607218
 0.3413476     0.1625134
 0.3155065     0.1636843
 0.2903524     0.1642289
 0.2659361     0.1641450
 0.2423068     0.1634344
 0.2195125     0.1621029
 0.1975998     0.1601522
 0.1766138     0.1568511
 0.1565988     0.1518508
 0.1375977     0.1453437
 0.1196525     0.1375256
 0.1028043     0.1285943
 0.0870931     0.1187471
 0.0725582     0.1081795
 0.0592379     0.0970822
 0.0471700     0.0856401
 0.0363913     0.0740291
 0.0269381     0.0624145
 0.0188458     0.0509487
 0.0121494     0.0397688
 0.0068832     0.0289947
 0.0030809     0.0187268
 0.0007756     0.0090435
 0.0000000     0.0000000
 0.0007756    -0.0081146
 0.0030809    -0.0150582
 0.0068832    -0.0208770
 0.0121494    -0.0256323
 0.0188458    -0.0293992
 0.0269381    -0.0322658
 0.0363913    -0.0343325
 0.0471700    -0.0357111
 0.0592379    -0.0365241
 0.0725582    -0.0369037
 0.0870931    -0.0369911
 0.1028043    -0.0369353
 0.1196525    -0.0368928
 0.1375977    -0.0370258
 0.1565988    -0.0375018
 0.1766138    -0.0384918
 0.1975998    -0.0401695
 0.2195125    -0.0421743
 0.2423068    -0.0437700
 0.2659361    -0.0449601
 0.2903524    -0.0457596
 0.3155065    -0.0461859
 0.3413476    -0.0462595
 0.3678229    -0.0460026
 0.3948782    -0.0454399
 0.4224571    -0.0445970
 0.4505011    -0.0435008
 0.4789491    -0.0421786
 0.5077378    -0.0406578
 0.5368005    -0.0389655
 0.5660677    -0.0371278
 0.5954661    -0.0351697
 0.6249182    -0.0331146
 0.6543419    -0.0309844
 0.6836500    -0.0287989
 0.7127487    -0.0265760
 0.7415373    -0.0243321
 0.7699063    -0.0220818
 0.7977362    -0.0198386
 0.8248944    -0.0176156
 0.8512328    -0.0154260
 0.8765830    -0.0132843
 0.9007495    -0.0112076
 0.9234998    -0.0092172
 0.9445469    -0.0073412
 0.9635184    -0.0056180
 0.9798895    -0.0041037
 0.9928006    -0.0028899
 1.0000000    -0.0022050
