NACA 4016
 1.0000000     0.0016800
 0.9928006     0.0035948
 0.9798895     0.0069887
 0.9635184     0.0112199
 0.9445469     0.0160244
 0.9234998     0.0212334
 0.9007495     0.0267244
 0.8765830     0.0324023
 0.8512328     0.0381903
 0.8248944     0.0440253
 0.7977362     0.0498535
 0.7699063     0.0556287
 0.7415373     0.0613106
 0.7127487     0.0668629
 0.6836500     0.0722528
 0.6543419     0.0774502
 0.6249182     0.0824267
 0.5954661     0.0871561
 0.5660677     0.0916130
 0.5368005     0.0957736
 0.5077378     0.0996153
 0.4789491     0.1031166
 0.4505011     0.1062575
 0.4224571     0.1090193
 0.3948782     0.1113853
 0.3678229     0.1133404
 0.3413476     0.1148718
 0.3155065     0.1159688
 0.2903524     0.1166234
 0.2659361     0.1168302
 0.2423068     0.1165865
 0.2195125     0.1158925
 0.1975998     0.1147512
 0.1766138     0.1131686
 0.1565988     0.1111534
 0.1375977     0.1087168
 0.1196525     0.1058724
 0.1028043     0.1026361
 0.0870931     0.0990254
 0.0725582     0.0950592
 0.0592379     0.0907573
 0.0471700     0.0861400
 0.0363913     0.0812276
 0.0269381     0.0760396
 0.0188458     0.0705945
 0.0121494     0.0649088
 0.0068832     0.0589969
 0.0030809     0.0528701
 0.0007756     0.0465364
 0.0000000     0.0400000
 0.0007756     0.0334635
 0.0030809     0.0271292
 0.0068832     0.0209993
 0.0121494     0.0150794
 0.0188458     0.0093771
 0.0269381     0.0039023
 0.0363913    -0.0013336
 0.0471700    -0.0063180
 0.0592379    -0.0110380
 0.0725582    -0.0154804
 0.0870931    -0.0196322
 0.1028043    -0.0234816
 0.1196525    -0.0270178
 0.1375977    -0.0302314
 0.1565988    -0.0331153
 0.1766138    -0.0356640
 0.1975998    -0.0378749
 0.2195125    -0.0397473
 0.2423068    -0.0412835
 0.2659361    -0.0424880
 0.2903524    -0.0433678
 0.3155065    -0.0439324
 0.3413476    -0.0441932
 0.3678229    -0.0441639
 0.3948782    -0.0438596
 0.4224571    -0.0432969
 0.4505011    -0.0424936
 0.4789491    -0.0414680
 0.5077378    -0.0402391
 0.5368005    -0.0388260
 0.5660677    -0.0372476
 0.5954661    -0.0355225
 0.6249182    -0.0336686
 0.6543419    -0.0317032
 0.6836500    -0.0296430
 0.7127487    -0.0275038
 0.7415373    -0.0253008
 0.7699063    -0.0230492
 0.7977362    -0.0207641
 0.8248944    -0.0184613
 0.8512328    -0.0161581
 0.8765830    -0.0138741
 0.9007495    -0.0116324
 0.9234998    -0.0094616
 0.9445469    -0.0073979
 0.9635184    -0.0054893
 0.9798895    -0.0038034
 0.9928006    -0.0024470
 1.0000000    -0.0016800
