NACA 5317
 1.0000000     0.0017850
 0.9928006     0.0042329
 0.9798895     0.0085650
 0.9635184     0.0139526
 0.9445469     0.0200512
 0.9234998     0.0266381
 0.9007495     0.0335505
 0.8765830     0.0406610
 0.8512328     0.0478667
 0.8248944     0.0550823
 0.7977362     0.0622359
 0.7699063     0.0692658
 0.7415373     0.0761189
 0.7127487     0.0827485
 0.6836500     0.0891130
 0.6543419     0.0951757
 0.6249182     0.1009030
 0.5954661     0.1062648
 0.5660677     0.1112335
 0.5368005     0.1157842
 0.5077378     0.1198941
 0.4789491     0.1235430
 0.4505011     0.1267127
 0.4224571     0.1293879
 0.3948782     0.1315553
 0.3678229     0.1332048
 0.3413476     0.1343288
 0.3155065     0.1349230
 0.2903524     0.1349436
 0.2659361     0.1339931
 0.2423068     0.1320193
 0.2195125     0.1290846
 0.1975998     0.1252571
 0.1766138     0.1206095
 0.1565988     0.1152183
 0.1375977     0.1091637
 0.1196525     0.1025284
 0.1028043     0.0953967
 0.0870931     0.0878539
 0.0725582     0.0799854
 0.0592379     0.0718752
 0.0471700     0.0636056
 0.0363913     0.0552553
 0.0269381     0.0468992
 0.0188458     0.0386064
 0.0121494     0.0304397
 0.0068832     0.0224543
 0.0030809     0.0146966
 0.0007756     0.0072032
 0.0000000     0.0000000
 0.0007756    -0.0066868
 0.0030809    -0.0126532
 0.0068832    -0.0179181
 0.0121494    -0.0225041
 0.0188458    -0.0264371
 0.0269381    -0.0297467
 0.0363913    -0.0324659
 0.0471700    -0.0346311
 0.0592379    -0.0362823
 0.0725582    -0.0374629
 0.0870931    -0.0382199
 0.1028043    -0.0386035
 0.1196525    -0.0386675
 0.1375977    -0.0384687
 0.1565988    -0.0380671
 0.1766138    -0.0375252
 0.1975998    -0.0369080
 0.2195125    -0.0362827
 0.2423068    -0.0357176
 0.2659361    -0.0352824
 0.2903524    -0.0350470
 0.3155065    -0.0349720
 0.3413476    -0.0346777
 0.3678229    -0.0341436
 0.3948782    -0.0333924
 0.4224571    -0.0324482
 0.4505011    -0.0313353
 0.4789491    -0.0300782
 0.5077378    -0.0287012
 0.5368005    -0.0272279
 0.5660677    -0.0256809
 0.5954661    -0.0240812
 0.6249182    -0.0224483
 0.6543419    -0.0207998
 0.6836500    -0.0191513
 0.7127487    -0.0175161
 0.7415373    -0.0159057
 0.7699063    -0.0143295
 0.7977362    -0.0127953
 0.8248944    -0.0113097
 0.8512328    -0.0098785
 0.8765830    -0.0085076
 0.9007495    -0.0072036
 0.9234998    -0.0059753
 0.9445469    -0.0048350
 0.9635184    -0.0038010
 0.9798895    -0.0029017
 0.9928006    -0.0021865
 1.0000000    -0.0017850
