NACA 3823
 1.0000000     0.0024150
 0.9928006     0.0064635
 0.9798895     0.0134867
 0.9635184     0.0219561
 0.9445469     0.0311644
 0.9234998     0.0406229
 0.9007495     0.0499561
 0.8765830     0.0588624
 0.8512328     0.0670944
 0.8248944     0.0744474
 0.7977362     0.0807561
 0.7699063     0.0865073
 0.7415373     0.0920917
 0.7127487     0.0974692
 0.6836500     0.1026031
 0.6543419     0.1074595
 0.6249182     0.1120066
 0.5954661     0.1162142
 0.5660677     0.1200534
 0.5368005     0.1234963
 0.5077378     0.1265164
 0.4789491     0.1290886
 0.4505011     0.1311891
 0.4224571     0.1327958
 0.3948782     0.1338890
 0.3678229     0.1344511
 0.3413476     0.1344672
 0.3155065     0.1339258
 0.2903524     0.1328183
 0.2659361     0.1311400
 0.2423068     0.1288899
 0.2195125     0.1260708
 0.1975998     0.1226897
 0.1766138     0.1187574
 0.1565988     0.1142885
 0.1375977     0.1093014
 0.1196525     0.1038177
 0.1028043     0.0978621
 0.0870931     0.0914616
 0.0725582     0.0846454
 0.0592379     0.0774437
 0.0471700     0.0698877
 0.0363913     0.0620081
 0.0269381     0.0538351
 0.0188458     0.0453968
 0.0121494     0.0367192
 0.0068832     0.0278248
 0.0030809     0.0187319
 0.0007756     0.0094543
 0.0000000     0.0000000
 0.0007756    -0.0093380
 0.0030809    -0.0182707
 0.0068832    -0.0267967
 0.0121494    -0.0349106
 0.0188458    -0.0426032
 0.0269381    -0.0498624
 0.0363913    -0.0566736
 0.0471700    -0.0630208
 0.0592379    -0.0688870
 0.0725582    -0.0742552
 0.0870931    -0.0791088
 0.1028043    -0.0834323
 0.1196525    -0.0872120
 0.1375977    -0.0904367
 0.1565988    -0.0930977
 0.1766138    -0.0951896
 0.1975998    -0.0967103
 0.2195125    -0.0976614
 0.2423068    -0.0980482
 0.2659361    -0.0978798
 0.2903524    -0.0971690
 0.3155065    -0.0959321
 0.3413476    -0.0941887
 0.3678229    -0.0919614
 0.3948782    -0.0892756
 0.4224571    -0.0861588
 0.4505011    -0.0826406
 0.4789491    -0.0787518
 0.5077378    -0.0745243
 0.5368005    -0.0699907
 0.5660677    -0.0651838
 0.5954661    -0.0601362
 0.6249182    -0.0548804
 0.6543419    -0.0494485
 0.6836500    -0.0438722
 0.7127487    -0.0381829
 0.7415373    -0.0324122
 0.7699063    -0.0265922
 0.7977362    -0.0207566
 0.8248944    -0.0153770
 0.8512328    -0.0110316
 0.8765830    -0.0076598
 0.9007495    -0.0051818
 0.9234998    -0.0035012
 0.9445469    -0.0025051
 0.9635184    -0.0020635
 0.9798895    -0.0020270
 0.9928006    -0.0022216
 1.0000000    -0.0024150
