NACA 4813
 1.0000000     0.0013650
 0.9928006     0.0052824
 0.9798895     0.0120241
 0.9635184     0.0200499
 0.9445469     0.0286215
 0.9234998     0.0372176
 0.9007495     0.0454320
 0.8765830     0.0529348
 0.8512328     0.0594543
 0.8248944     0.0647655
 0.7977362     0.0686881
 0.7699063     0.0719063
 0.7415373     0.0749723
 0.7127487     0.0778607
 0.6836500     0.0805491
 0.6543419     0.0830175
 0.6249182     0.0852479
 0.5954661     0.0872235
 0.5660677     0.0889294
 0.5368005     0.0903515
 0.5077378     0.0914773
 0.4789491     0.0922954
 0.4505011     0.0927958
 0.4224571     0.0929698
 0.3948782     0.0928105
 0.3678229     0.0923126
 0.3413476     0.0914725
 0.3155065     0.0902890
 0.2903524     0.0887626
 0.2659361     0.0868965
 0.2423068     0.0846958
 0.2195125     0.0821683
 0.1975998     0.0793240
 0.1766138     0.0761751
 0.1565988     0.0727363
 0.1375977     0.0690242
 0.1196525     0.0650571
 0.1028043     0.0608552
 0.0870931     0.0564399
 0.0725582     0.0518335
 0.0592379     0.0470588
 0.0471700     0.0421390
 0.0363913     0.0370968
 0.0269381     0.0319542
 0.0188458     0.0267320
 0.0121494     0.0214489
 0.0068832     0.0161219
 0.0030809     0.0107647
 0.0007756     0.0053884
 0.0000000     0.0000000
 0.0007756    -0.0052333
 0.0030809    -0.0101498
 0.0068832    -0.0147511
 0.0121494    -0.0190375
 0.0188458    -0.0230072
 0.0269381    -0.0266573
 0.0363913    -0.0299841
 0.0471700    -0.0329832
 0.0592379    -0.0356499
 0.0725582    -0.0379799
 0.0870931    -0.0399694
 0.1028043    -0.0416155
 0.1196525    -0.0429162
 0.1375977    -0.0438713
 0.1565988    -0.0444820
 0.1766138    -0.0447514
 0.1975998    -0.0446847
 0.2195125    -0.0442890
 0.2423068    -0.0435735
 0.2659361    -0.0425495
 0.2903524    -0.0412302
 0.3155065    -0.0396307
 0.3413476    -0.0377678
 0.3678229    -0.0356597
 0.3948782    -0.0333260
 0.4224571    -0.0307872
 0.4505011    -0.0280645
 0.4789491    -0.0251796
 0.5077378    -0.0221544
 0.5368005    -0.0190107
 0.5660677    -0.0157699
 0.5954661    -0.0124528
 0.6249182    -0.0090796
 0.6543419    -0.0056696
 0.6836500    -0.0022413
 0.7127487     0.0011877
 0.7415373     0.0046005
 0.7699063     0.0079805
 0.7977362     0.0113113
 0.8248944     0.0139951
 0.8512328     0.0152961
 0.8765830     0.0153353
 0.9007495     0.0142671
 0.9234998     0.0122780
 0.9445469     0.0095909
 0.9635184     0.0064736
 0.9798895     0.0032555
 0.9928006     0.0003735
 1.0000000    -0.0013650
